64779fd1d814571ac5053f8f,2023-03-07T00:00:00.322z,-0.45251,-0.89073,0.93332,0.3696,-0.72648,0.67636
64779fd1d814571ac5053f8f,2023-03-07T00:00:00.322z,0.9549,-0.21928,-0.34536,0.79206,-0.40677,0.56961
64779fd1d814571ac5053f8f,2023-03-07T00:00:00.322z,-0.58464,0.38336,0.28068,-0.38382,0.96442,-0.43338
64779fd1d814571ac5053f8f,2023-03-07T00:00:00.322z,0.48726,0.93016,0.60914,-0.37569,0.27451,0.0036
64779fd1d814571ac5053f8f,2023-03-07T00:00:00.322z,0.89917,0.88583,0.17983,0.72221,-0.59727,-0.79913
64779fd1d814571ac5053f8f,2023-03-07T00:00:00.322z,-0.85585,-0.83101,-0.69286,-0.25377,-0.9536,-0.24856
64779fd1d814571ac5053f8f,2023-03-07T00:00:00.322z,-0.20294,0.42996,-0.03038,0.5466,0.18665,-0.32406
64779fd1d814571ac5053f8f,2023-03-07T00:00:00.322z,0.23798,0.21368,-0.83195,0.29499,-0.31958,-0.37077
64779fd1d814571ac5053f8f,2023-03-07T00:00:00.322z,0.73805,0.1192,-0.89898,0.42875,0.19937,0.03274
64779fd1d814571ac5053f8f,2023-03-07T00:00:00.322z,-0.58217,0.21671,0.24407,-0.45837,-0.72458,-0.69901
