64779fd1d814571ac5053f8e,2023-05-28T00:00:00.593z,0.6218,0.49649,-0.55526,-0.99316,-0.99616,0.69588
64779fd1d814571ac5053f8e,2023-05-28T00:00:00.593z,-0.15742,-0.72134,-0.61641,0.25457,-0.19551,-0.07036
64779fd1d814571ac5053f8e,2023-05-28T00:00:00.593z,0.1681,0.7513,-0.07962,-0.71338,-0.03184,0.88434
64779fd1d814571ac5053f8e,2023-05-28T00:00:00.593z,0.65418,-0.73701,0.96702,-0.63102,0.67645,0.88284
64779fd1d814571ac5053f8e,2023-05-28T00:00:00.593z,0.15267,-0.04165,0.51984,-0.14692,0.04103,-0.07488
64779fd1d814571ac5053f8e,2023-05-28T00:00:00.593z,-0.14531,0.18642,-0.23804,-0.13976,0.17894,-0.73888
64779fd1d814571ac5053f8e,2023-05-28T00:00:00.593z,0.48762,0.30469,0.41815,0.09266,-0.01368,0.30612
64779fd1d814571ac5053f8e,2023-05-28T00:00:00.593z,-0.78282,0.73576,0.76159,0.26694,-0.79564,-0.18492
64779fd1d814571ac5053f8e,2023-05-28T00:00:00.593z,-0.81334,0.35741,0.34364,0.28367,0.86194,0.33185
64779fd1d814571ac5053f8e,2023-05-28T00:00:00.593z,-0.61131,0.40891,0.85827,0.48148,0.30219,-0.84124
