64779fd4d814571ac5053f95,2023-07-01T00:00:00.558z,0.89387,0.46026,0.30161,0.61665,0.2573,0.95948
64779fd4d814571ac5053f95,2023-07-01T00:00:00.558z,0.70635,-0.36316,-0.57987,0.04236,-0.405,-0.26666
64779fd4d814571ac5053f95,2023-07-01T00:00:00.558z,-0.6455,-0.1021,0.34562,-0.70857,-0.64797,0.72571
64779fd4d814571ac5053f95,2023-07-01T00:00:00.558z,0.73843,-0.07376,0.82263,0.18716,0.43946,-0.59023
64779fd4d814571ac5053f95,2023-07-01T00:00:00.558z,-0.28137,0.75263,-0.24731,0.29961,0.18325,-0.34252
64779fd4d814571ac5053f95,2023-07-01T00:00:00.558z,-0.91212,0.1074,-0.52708,-0.631,0.90404,0.34459
64779fd4d814571ac5053f95,2023-07-01T00:00:00.558z,0.48831,-0.00102,0.18772,0.36208,-0.63158,0.38911
64779fd4d814571ac5053f95,2023-07-01T00:00:00.558z,-0.58272,-0.01883,-0.50453,0.51171,0.14735,0.04592
64779fd4d814571ac5053f95,2023-07-01T00:00:00.558z,0.2656,-0.26997,0.33057,-0.70757,-0.25494,-0.66432
64779fd4d814571ac5053f95,2023-07-01T00:00:00.558z,0.72791,0.6687,-0.97118,-0.90899,0.59544,-0.04739
