64779fd2d814571ac5053f90,2023-04-02T00:00:00.736z,0.91449,-0.22759,-0.84861,-0.61294,-0.91576,0.4377
64779fd2d814571ac5053f90,2023-04-02T00:00:00.736z,-0.65139,-0.28195,-0.8927,0.37757,-0.07906,-0.61868
64779fd2d814571ac5053f90,2023-04-02T00:00:00.736z,0.32182,0.28236,-0.20078,0.68362,0.05271,-0.45754
64779fd2d814571ac5053f90,2023-04-02T00:00:00.736z,-0.75788,-0.11771,-0.32352,0.30713,-0.91402,0.65874
64779fd2d814571ac5053f90,2023-04-02T00:00:00.736z,0.37823,-0.1775,0.92148,-0.54121,0.77139,-0.47923
64779fd2d814571ac5053f90,2023-04-02T00:00:00.736z,-0.74079,-0.39222,0.403,-0.3795,0.27208,-0.05766
64779fd2d814571ac5053f90,2023-04-02T00:00:00.736z,-0.51106,-0.17454,0.31975,-0.78944,-0.98712,-0.53133
64779fd2d814571ac5053f90,2023-04-02T00:00:00.736z,0.47073,0.47457,0.63048,0.85945,-0.69679,0.06761
64779fd2d814571ac5053f90,2023-04-02T00:00:00.736z,-0.12016,0.65905,-0.95694,-0.38606,-0.86131,-0.95029
64779fd2d814571ac5053f90,2023-04-02T00:00:00.736z,0.32721,-0.07327,0.37057,0.10526,-0.48967,-0.46589
