64779fd4d814571ac5053f95,2023-05-31T00:00:00.806z,-0.59683,-0.41464,-0.55028,-0.9592,0.23268,-0.173
64779fd4d814571ac5053f95,2023-05-31T00:00:00.806z,-0.58355,-0.5512,0.61319,-0.41421,0.47615,-0.86484
64779fd4d814571ac5053f95,2023-05-31T00:00:00.806z,-0.29963,0.26999,-0.99597,-0.51063,-0.46292,-0.50441
64779fd4d814571ac5053f95,2023-05-31T00:00:00.806z,-0.83753,0.8015,0.26606,-0.91901,0.15379,-0.75335
64779fd4d814571ac5053f95,2023-05-31T00:00:00.806z,-0.54137,-0.6629,-0.97526,0.94618,0.4613,0.5664
64779fd4d814571ac5053f95,2023-05-31T00:00:00.806z,-0.0868,-0.31312,0.11721,0.90322,-0.31482,0.60193
64779fd4d814571ac5053f95,2023-05-31T00:00:00.806z,0.879,0.78679,-0.41555,0.13741,-0.79846,-0.66965
64779fd4d814571ac5053f95,2023-05-31T00:00:00.806z,0.08071,0.08006,-0.30602,0.93327,0.79953,0.37098
64779fd4d814571ac5053f95,2023-05-31T00:00:00.806z,-0.87761,0.02331,0.01211,-0.02422,-0.70964,-0.61627
64779fd4d814571ac5053f95,2023-05-31T00:00:00.806z,0.16502,-0.49724,0.15879,-0.79664,0.09241,-0.62741
