64779fd2d814571ac5053f91,2023-03-09T00:00:00.227z,0.8213,0.45748,0.30087,-0.79077,-0.77446,-0.06024
64779fd2d814571ac5053f91,2023-03-09T00:00:00.227z,-0.98128,-0.22043,-0.77702,-0.09991,0.54975,0.85997
64779fd2d814571ac5053f91,2023-03-09T00:00:00.227z,0.76033,-0.24051,0.85203,0.57395,0.8379,-0.72871
64779fd2d814571ac5053f91,2023-03-09T00:00:00.227z,0.39793,-0.74986,-0.16942,0.64842,0.91307,-0.80997
64779fd2d814571ac5053f91,2023-03-09T00:00:00.227z,0.58365,-0.40091,0.61263,0.04798,0.9401,-0.37752
64779fd2d814571ac5053f91,2023-03-09T00:00:00.227z,0.56323,-0.78699,0.10796,0.69973,-0.02307,0.71039
64779fd2d814571ac5053f91,2023-03-09T00:00:00.227z,-0.09896,0.71318,0.24076,0.52146,0.18586,-0.90917
64779fd2d814571ac5053f91,2023-03-09T00:00:00.227z,0.35061,-0.80551,-0.21099,-0.58748,0.86651,0.12079
64779fd2d814571ac5053f91,2023-03-09T00:00:00.227z,-0.66759,-0.46047,-0.23668,0.01218,-0.85883,0.32687
64779fd2d814571ac5053f91,2023-03-09T00:00:00.227z,-0.73653,0.20483,-0.22463,-0.28229,0.3861,-0.15551
