64779fd3d814571ac5053f93,2023-07-30T00:00:00.229z,0.79046,-0.92436,-0.14945,-0.51507,-0.98283,0.75916
64779fd3d814571ac5053f93,2023-07-30T00:00:00.229z,-0.01098,-0.69078,-0.39282,0.50669,-0.57418,0.22751
64779fd3d814571ac5053f93,2023-07-30T00:00:00.229z,-0.30037,-0.79613,0.07927,0.42478,0.67873,0.74399
64779fd3d814571ac5053f93,2023-07-30T00:00:00.229z,-0.48715,-0.45483,0.09222,0.36703,-0.39333,-0.08664
64779fd3d814571ac5053f93,2023-07-30T00:00:00.229z,0.94165,-0.45459,0.96383,-0.27603,-0.3905,0.96329
64779fd3d814571ac5053f93,2023-07-30T00:00:00.229z,-0.65471,-0.46003,-0.41272,-0.80111,-0.28053,0.8391
64779fd3d814571ac5053f93,2023-07-30T00:00:00.229z,0.49748,-0.14899,-0.69841,-0.28208,0.4148,0.91784
64779fd3d814571ac5053f93,2023-07-30T00:00:00.229z,0.41494,-0.62536,0.68621,0.89153,0.27928,0.69209
64779fd3d814571ac5053f93,2023-07-30T00:00:00.229z,0.57669,-0.14206,0.00799,0.15071,-0.36823,-0.83272
64779fd3d814571ac5053f93,2023-07-30T00:00:00.229z,-0.74023,0.3424,0.09827,0.05316,0.19715,-0.66189
