64779fd1d814571ac5053f8f,2023-05-12T00:00:00.334z,-0.16595,-0.26262,0.15824,-0.34273,0.48457,0.0121
64779fd1d814571ac5053f8f,2023-05-12T00:00:00.334z,-0.8056,-0.03206,0.05255,0.25313,-0.65362,0.45113
64779fd1d814571ac5053f8f,2023-05-12T00:00:00.334z,-0.31974,0.06364,0.60756,0.82201,-0.03422,0.93735
64779fd1d814571ac5053f8f,2023-05-12T00:00:00.334z,0.81295,-0.0641,0.7599,-0.71088,0.10681,-0.58565
64779fd1d814571ac5053f8f,2023-05-12T00:00:00.334z,0.65621,-0.15697,0.3633,-0.25124,0.46915,0.88849
64779fd1d814571ac5053f8f,2023-05-12T00:00:00.334z,0.29236,-0.77624,-0.33123,0.4479,-0.10206,0.28619
64779fd1d814571ac5053f8f,2023-05-12T00:00:00.334z,-0.94811,0.70664,0.66888,-0.44811,0.58101,-0.72342
64779fd1d814571ac5053f8f,2023-05-12T00:00:00.334z,-0.3767,-0.60133,0.22057,-0.84985,-0.25193,-0.36066
64779fd1d814571ac5053f8f,2023-05-12T00:00:00.334z,0.53915,-0.91303,-0.63009,-0.706,0.09792,0.34795
64779fd1d814571ac5053f8f,2023-05-12T00:00:00.334z,0.72865,-0.96201,-0.64575,-0.61474,0.92465,0.42324
