64779fd3d814571ac5053f93,2023-04-13T00:00:00.549z,0.44902,-0.76452,0.85573,0.28766,0.63211,0.8702
64779fd3d814571ac5053f93,2023-04-13T00:00:00.549z,-0.40445,0.9166,-0.67019,0.06557,-0.71503,-0.40932
64779fd3d814571ac5053f93,2023-04-13T00:00:00.549z,0.5668,0.7184,-0.87663,-0.67806,0.7015,-0.95854
64779fd3d814571ac5053f93,2023-04-13T00:00:00.549z,-0.57347,-0.36048,0.53173,0.92612,-0.38067,-0.32762
64779fd3d814571ac5053f93,2023-04-13T00:00:00.549z,-0.73778,-0.63681,0.68299,0.14528,0.65685,0.54134
64779fd3d814571ac5053f93,2023-04-13T00:00:00.549z,-0.27158,-0.36338,0.3417,-0.55453,0.87035,-0.97299
64779fd3d814571ac5053f93,2023-04-13T00:00:00.549z,0.37366,-0.83166,-0.77108,-0.45508,0.66013,0.98097
64779fd3d814571ac5053f93,2023-04-13T00:00:00.549z,-0.63666,-0.06609,-0.39101,0.10278,-0.97929,0.74323
64779fd3d814571ac5053f93,2023-04-13T00:00:00.549z,-0.78332,0.91346,0.04458,0.78434,-0.36153,-0.00704
64779fd3d814571ac5053f93,2023-04-13T00:00:00.549z,0.03236,-0.2311,-0.4447,0.07456,-0.97578,-0.87107
