64779fd3d814571ac5053f94,2023-05-23T00:00:00.717z,-0.67335,-0.70207,0.50565,-0.76296,0.01822,0.39878
64779fd3d814571ac5053f94,2023-05-23T00:00:00.717z,0.56067,0.48748,-0.95471,0.24595,0.41353,0.38926
64779fd3d814571ac5053f94,2023-05-23T00:00:00.717z,-0.96532,-0.8685,0.86423,0.01174,0.02736,0.71015
64779fd3d814571ac5053f94,2023-05-23T00:00:00.717z,0.26643,-0.18601,0.60069,-0.39577,-0.44734,-0.37928
64779fd3d814571ac5053f94,2023-05-23T00:00:00.717z,0.96694,-0.96168,-0.15631,-0.10823,-0.93815,0.4032
64779fd3d814571ac5053f94,2023-05-23T00:00:00.717z,-0.12906,0.29109,-0.14456,-0.28565,0.55008,-0.09737
64779fd3d814571ac5053f94,2023-05-23T00:00:00.717z,-0.86068,-0.50156,0.07386,0.05796,0.19188,-0.25202
64779fd3d814571ac5053f94,2023-05-23T00:00:00.717z,0.54937,0.77651,0.9881,0.85378,0.63309,0.98242
64779fd3d814571ac5053f94,2023-05-23T00:00:00.717z,-0.63512,-0.91364,0.04555,0.59,-0.23035,0.5557
64779fd3d814571ac5053f94,2023-05-23T00:00:00.717z,0.13007,0.69327,0.26512,0.44379,0.73436,-0.29302
