64779fd1d814571ac5053f8c,2023-05-17T00:00:00.554z,0.40097,0.76453,0.27181,0.02185,-0.76966,-0.10224
64779fd1d814571ac5053f8c,2023-05-17T00:00:00.554z,-0.36621,-0.83555,-0.88245,0.65982,-0.3134,0.33015
64779fd1d814571ac5053f8c,2023-05-17T00:00:00.554z,0.05609,-0.4851,0.37423,0.33808,-0.89032,0.99228
64779fd1d814571ac5053f8c,2023-05-17T00:00:00.554z,0.95253,0.69513,0.8667,0.13549,0.30477,-0.35707
64779fd1d814571ac5053f8c,2023-05-17T00:00:00.554z,-0.10674,-0.68642,0.68664,-0.14319,-0.23367,-0.13967
64779fd1d814571ac5053f8c,2023-05-17T00:00:00.554z,0.40576,-0.17483,-0.35972,0.06481,0.55046,-0.76952
64779fd1d814571ac5053f8c,2023-05-17T00:00:00.554z,0.9315,-0.79653,0.97454,0.98834,0.99705,0.4261
64779fd1d814571ac5053f8c,2023-05-17T00:00:00.554z,0.37068,0.38998,0.37039,0.88039,0.42686,0.00734
64779fd1d814571ac5053f8c,2023-05-17T00:00:00.554z,-0.34915,0.35405,-0.62018,0.77027,0.2396,0.87026
64779fd1d814571ac5053f8c,2023-05-17T00:00:00.554z,0.95829,0.27553,0.02174,0.46716,-0.09797,-0.53447
