64779fd3d814571ac5053f92,2023-07-07T00:00:00.125z,-0.72582,0.57647,0.20468,-0.54881,0.12544,-0.58356
64779fd3d814571ac5053f92,2023-07-07T00:00:00.125z,0.46192,-0.78098,-0.82705,0.7464,0.55803,-0.09075
64779fd3d814571ac5053f92,2023-07-07T00:00:00.125z,0.00806,-0.11525,-0.63309,0.65446,-0.07816,0.15274
64779fd3d814571ac5053f92,2023-07-07T00:00:00.125z,0.24195,-0.50288,0.87775,-0.76394,0.25904,0.83012
64779fd3d814571ac5053f92,2023-07-07T00:00:00.125z,-0.53313,0.30697,0.68796,-0.16363,-0.7025,-0.7078
64779fd3d814571ac5053f92,2023-07-07T00:00:00.125z,0.67108,-0.69068,-0.85958,0.304,0.01385,0.98754
64779fd3d814571ac5053f92,2023-07-07T00:00:00.125z,0.99174,0.89671,0.69157,-0.37219,-0.34441,-0.25509
64779fd3d814571ac5053f92,2023-07-07T00:00:00.125z,0.47272,-0.64516,0.11025,0.30949,-0.07127,-0.73727
64779fd3d814571ac5053f92,2023-07-07T00:00:00.125z,0.32211,-0.939,-0.50832,-0.81907,-0.08486,0.5889
64779fd3d814571ac5053f92,2023-07-07T00:00:00.125z,-0.92684,0.43611,0.28217,-0.21311,0.3051,0.10696
