64779fd2d814571ac5053f90,2023-04-06T00:00:00.945z,0.6977,0.23761,-0.51683,0.99725,0.30772,0.70793
64779fd2d814571ac5053f90,2023-04-06T00:00:00.945z,-0.14679,-0.02509,0.82966,0.70528,-0.10259,-0.95232
64779fd2d814571ac5053f90,2023-04-06T00:00:00.945z,-0.39014,0.72545,0.09038,0.40519,-0.98036,0.85884
64779fd2d814571ac5053f90,2023-04-06T00:00:00.945z,-0.95931,-0.4642,0.70157,-0.9906,0.4966,0.40655
64779fd2d814571ac5053f90,2023-04-06T00:00:00.945z,0.60762,0.27687,0.29616,0.35222,-0.87949,0.51959
64779fd2d814571ac5053f90,2023-04-06T00:00:00.945z,-0.38594,0.67947,0.0365,-0.21824,-0.8898,0.01016
64779fd2d814571ac5053f90,2023-04-06T00:00:00.945z,-0.36984,0.81355,-0.1106,0.58674,0.63579,0.27347
64779fd2d814571ac5053f90,2023-04-06T00:00:00.945z,-0.25503,-0.97934,-0.37248,-0.12633,-0.76251,0.51141
64779fd2d814571ac5053f90,2023-04-06T00:00:00.945z,-0.64914,-0.32665,0.8404,-0.75569,0.62933,0.58178
64779fd2d814571ac5053f90,2023-04-06T00:00:00.945z,-0.03025,-0.71254,-0.67888,-0.91178,-0.89028,0.77377
