64779fd1d814571ac5053f8c,2023-05-22T00:00:00.047z,-0.34747,0.7066,0.82045,0.5353,-0.25878,0.97709
64779fd1d814571ac5053f8c,2023-05-22T00:00:00.047z,-0.40363,-0.8309,-0.09925,-0.64946,0.7353,-0.17227
64779fd1d814571ac5053f8c,2023-05-22T00:00:00.047z,-0.12016,-0.71144,0.07152,-0.67677,-0.75641,-0.54209
64779fd1d814571ac5053f8c,2023-05-22T00:00:00.047z,-0.14828,-0.14984,0.00459,0.14276,-0.09695,0.12525
64779fd1d814571ac5053f8c,2023-05-22T00:00:00.047z,0.88737,-0.478,-0.78296,0.28137,-0.40934,0.69877
64779fd1d814571ac5053f8c,2023-05-22T00:00:00.047z,-0.20011,-0.06167,0.01335,0.50139,0.59319,0.23016
64779fd1d814571ac5053f8c,2023-05-22T00:00:00.047z,0.11751,0.91534,-0.57852,0.77797,0.91518,-0.68085
64779fd1d814571ac5053f8c,2023-05-22T00:00:00.047z,0.3539,-0.01611,0.03688,0.13332,0.93293,0.75131
64779fd1d814571ac5053f8c,2023-05-22T00:00:00.047z,-0.80474,-0.03213,0.98426,0.94502,-0.7345,-0.45157
64779fd1d814571ac5053f8c,2023-05-22T00:00:00.047z,-0.30908,0.92407,0.75095,-0.04382,-0.69669,0.72296
