64779fd3d814571ac5053f92,2023-06-22T00:00:00.722z,-0.06024,0.64657,-0.0947,0.29585,0.22093,0.85428
64779fd3d814571ac5053f92,2023-06-22T00:00:00.722z,-0.87647,0.57254,-0.39943,-0.82284,0.98772,0.40358
64779fd3d814571ac5053f92,2023-06-22T00:00:00.722z,0.54168,-0.12515,0.84558,-0.6012,0.60873,-0.75967
64779fd3d814571ac5053f92,2023-06-22T00:00:00.722z,-0.95731,-0.71759,-0.23861,-0.28563,0.0869,0.03491
64779fd3d814571ac5053f92,2023-06-22T00:00:00.722z,-0.60382,0.089,-0.45731,-0.81751,-0.25928,0.41255
64779fd3d814571ac5053f92,2023-06-22T00:00:00.722z,0.09797,0.57115,-0.09007,0.55811,-0.90818,0.66895
64779fd3d814571ac5053f92,2023-06-22T00:00:00.722z,0.20787,-0.61612,-0.03833,0.52881,0.16574,-0.37366
64779fd3d814571ac5053f92,2023-06-22T00:00:00.722z,0.60367,-0.68872,0.73311,-0.09181,-0.07528,-0.01196
64779fd3d814571ac5053f92,2023-06-22T00:00:00.722z,0.78179,-0.41909,0.86413,-0.59785,0.91277,0.41979
64779fd3d814571ac5053f92,2023-06-22T00:00:00.722z,-0.65129,-0.10923,0.18651,0.56481,0.50805,0.37915
