64779fd1d814571ac5053f8c,2023-05-18T00:00:00.752z,0.79528,0.88623,0.16428,-0.07346,-0.1176,0.46282
64779fd1d814571ac5053f8c,2023-05-18T00:00:00.752z,-0.45229,0.67526,0.92282,0.93209,0.94141,-0.58694
64779fd1d814571ac5053f8c,2023-05-18T00:00:00.752z,-0.07087,-0.81111,-0.66496,0.92346,-0.5829,-0.33381
64779fd1d814571ac5053f8c,2023-05-18T00:00:00.752z,0.34392,-0.734,0.42007,0.72829,0.12443,-0.10009
64779fd1d814571ac5053f8c,2023-05-18T00:00:00.752z,0.89808,-0.89616,0.55841,0.30855,-0.4222,0.07863
64779fd1d814571ac5053f8c,2023-05-18T00:00:00.752z,0.91655,-0.10756,-0.67706,0.78538,0.13887,0.84222
64779fd1d814571ac5053f8c,2023-05-18T00:00:00.752z,-0.77174,-0.24231,0.72791,-0.02717,0.92799,0.25804
64779fd1d814571ac5053f8c,2023-05-18T00:00:00.752z,-0.78299,0.42047,0.07239,-0.80079,0.96117,0.51098
64779fd1d814571ac5053f8c,2023-05-18T00:00:00.752z,-0.19335,-0.44515,-0.79453,0.12794,-0.51745,-0.99691
64779fd1d814571ac5053f8c,2023-05-18T00:00:00.752z,0.52503,0.12238,-0.65799,-0.53147,0.29484,0.1409
