64779fd4d814571ac5053f95,2023-05-29T00:00:00.937z,0.16665,0.7058,-0.68437,-0.21026,0.23764,-0.76768
64779fd4d814571ac5053f95,2023-05-29T00:00:00.937z,0.62783,0.28015,0.5468,-0.85919,-0.19,0.76815
64779fd4d814571ac5053f95,2023-05-29T00:00:00.937z,-0.04844,-0.45929,-0.52407,0.04376,0.15414,0.02639
64779fd4d814571ac5053f95,2023-05-29T00:00:00.937z,-0.20144,-0.21933,-0.46438,0.75163,0.81,0.22656
64779fd4d814571ac5053f95,2023-05-29T00:00:00.937z,0.6112,-0.08726,0.28781,0.2068,0.95294,0.01724
64779fd4d814571ac5053f95,2023-05-29T00:00:00.937z,0.52226,0.07309,-0.31196,-0.69455,-0.70652,0.36421
64779fd4d814571ac5053f95,2023-05-29T00:00:00.937z,-0.42079,0.98852,0.9001,0.53887,0.27377,-0.32037
64779fd4d814571ac5053f95,2023-05-29T00:00:00.937z,0.7867,-0.77827,-0.04944,-0.85121,-0.47703,-0.64078
64779fd4d814571ac5053f95,2023-05-29T00:00:00.937z,-0.56639,-0.95501,-0.83477,-0.47572,0.97012,-0.03871
64779fd4d814571ac5053f95,2023-05-29T00:00:00.937z,0.29839,-0.79474,0.33855,-0.62325,-0.11585,0.70283
