64779fd2d814571ac5053f90,2023-03-11T00:00:00.958z,0.0373,0.34092,-0.3282,0.13344,-0.06272,-0.8283
64779fd2d814571ac5053f90,2023-03-11T00:00:00.958z,0.67079,-0.43055,0.13652,0.98925,0.21076,-0.91304
64779fd2d814571ac5053f90,2023-03-11T00:00:00.958z,0.42477,0.16559,-0.20248,-0.08862,-0.65707,-0.25667
64779fd2d814571ac5053f90,2023-03-11T00:00:00.958z,-0.04883,0.97667,0.88382,0.14457,-0.70638,-0.59198
64779fd2d814571ac5053f90,2023-03-11T00:00:00.958z,0.35642,-0.24419,-0.16943,0.43055,0.10046,0.26168
64779fd2d814571ac5053f90,2023-03-11T00:00:00.958z,0.73176,0.09842,-0.74935,0.32579,-0.2365,0.4954
64779fd2d814571ac5053f90,2023-03-11T00:00:00.958z,-0.34252,0.53662,0.32694,-0.32307,-0.53805,0.8471
64779fd2d814571ac5053f90,2023-03-11T00:00:00.958z,-0.93334,-0.47052,0.14149,0.29217,-0.9657,-0.26673
64779fd2d814571ac5053f90,2023-03-11T00:00:00.958z,-0.46324,-0.0116,-0.60955,-0.62732,0.99131,0.70167
64779fd2d814571ac5053f90,2023-03-11T00:00:00.958z,-0.98526,0.36995,-0.20364,-0.80862,0.64406,0.59678
