64779fd3d814571ac5053f92,2023-03-04T00:00:00.383z,0.64617,0.64446,-0.71383,0.77174,-0.37204,0.53018
64779fd3d814571ac5053f92,2023-03-04T00:00:00.383z,0.97825,0.20347,-0.86581,-0.75264,-0.84036,-0.5511
64779fd3d814571ac5053f92,2023-03-04T00:00:00.383z,-0.01376,-0.54477,-0.22988,0.50762,0.40648,0.38649
64779fd3d814571ac5053f92,2023-03-04T00:00:00.383z,0.30621,-0.07059,0.51521,0.62726,0.60906,-0.90634
64779fd3d814571ac5053f92,2023-03-04T00:00:00.383z,-0.99582,0.28298,-0.49683,-0.71862,0.67256,-0.22102
64779fd3d814571ac5053f92,2023-03-04T00:00:00.383z,-0.96408,0.41049,-0.34662,-0.56818,0.51951,-0.48038
64779fd3d814571ac5053f92,2023-03-04T00:00:00.383z,-0.02776,0.51843,0.12813,-0.10982,-0.10003,0.80051
64779fd3d814571ac5053f92,2023-03-04T00:00:00.383z,-0.68203,-0.49158,-0.44363,0.60932,-0.16496,-0.03145
64779fd3d814571ac5053f92,2023-03-04T00:00:00.383z,-0.96272,0.50917,-0.66857,0.50503,-0.93544,0.31111
64779fd3d814571ac5053f92,2023-03-04T00:00:00.383z,-0.49305,0.71382,-0.39785,0.5194,-0.24486,-0.25185
