64779fd1d814571ac5053f8d,2023-05-20T00:00:00.975z,-0.08652,0.84776,0.28139,0.6549,-0.29997,0.22463
64779fd1d814571ac5053f8d,2023-05-20T00:00:00.975z,0.55243,-0.11126,0.26428,0.76849,-0.5427,-0.92452
64779fd1d814571ac5053f8d,2023-05-20T00:00:00.975z,-0.62548,-0.8493,0.0192,0.05611,-0.60095,0.88182
64779fd1d814571ac5053f8d,2023-05-20T00:00:00.975z,0.33326,-0.85555,-0.89334,0.80043,-0.27973,-0.0565
64779fd1d814571ac5053f8d,2023-05-20T00:00:00.975z,0.36764,-0.63861,-0.78898,0.39094,0.77395,-0.68063
64779fd1d814571ac5053f8d,2023-05-20T00:00:00.975z,0.24246,0.83094,-0.24541,-0.32782,0.84379,-0.75756
64779fd1d814571ac5053f8d,2023-05-20T00:00:00.975z,-0.37893,0.0727,-0.3988,-0.74624,0.0958,0.73626
64779fd1d814571ac5053f8d,2023-05-20T00:00:00.975z,0.56611,-0.72444,-0.91995,0.56793,-0.23575,-0.67199
64779fd1d814571ac5053f8d,2023-05-20T00:00:00.975z,-0.10104,0.81704,0.05251,-0.51136,0.69202,-0.78761
64779fd1d814571ac5053f8d,2023-05-20T00:00:00.975z,0.36463,0.9297,0.11319,-0.41551,0.50684,-0.17021
