64779fd1d814571ac5053f8c,2023-04-30T00:00:00.196z,0.47293,0.12667,-0.69566,0.8986,-0.73669,-0.85736
64779fd1d814571ac5053f8c,2023-04-30T00:00:00.196z,-0.49577,0.091,0.13546,-0.90518,0.83397,0.11298
64779fd1d814571ac5053f8c,2023-04-30T00:00:00.196z,-0.7896,-0.23501,0.51613,0.30263,0.96374,0.14055
64779fd1d814571ac5053f8c,2023-04-30T00:00:00.196z,-0.04353,-0.4167,0.53039,-0.3811,0.27071,0.97572
64779fd1d814571ac5053f8c,2023-04-30T00:00:00.196z,0.90812,-0.69438,0.82825,0.06904,0.34728,0.26146
64779fd1d814571ac5053f8c,2023-04-30T00:00:00.196z,0.33825,0.53074,-0.06187,0.85932,-0.52926,0.9667
64779fd1d814571ac5053f8c,2023-04-30T00:00:00.196z,-0.56647,0.84515,0.18358,-0.37312,0.41692,0.18918
64779fd1d814571ac5053f8c,2023-04-30T00:00:00.196z,-0.0767,0.3619,0.90151,-0.4724,-0.29782,-0.61963
64779fd1d814571ac5053f8c,2023-04-30T00:00:00.196z,0.42642,-0.10502,-0.77435,-0.14538,-0.76912,-0.91433
64779fd1d814571ac5053f8c,2023-04-30T00:00:00.196z,0.17346,0.67667,0.49015,0.89738,-0.71556,0.55674
