64779fd1d814571ac5053f8f,2023-07-21T00:00:00.636z,0.42659,0.52893,-0.43424,-0.93234,-0.56106,-0.93878
64779fd1d814571ac5053f8f,2023-07-21T00:00:00.636z,0.35742,-0.78037,0.32,-0.64764,0.73667,-0.7246
64779fd1d814571ac5053f8f,2023-07-21T00:00:00.636z,0.02113,-0.88455,-0.19874,-0.63603,-0.44999,-0.48024
64779fd1d814571ac5053f8f,2023-07-21T00:00:00.636z,-0.46057,-0.78821,-0.82312,0.8642,0.01741,-0.63984
64779fd1d814571ac5053f8f,2023-07-21T00:00:00.636z,-0.73812,-0.79795,-0.3112,0.45513,-0.72156,0.92058
64779fd1d814571ac5053f8f,2023-07-21T00:00:00.636z,0.68066,-0.39168,-0.45979,-0.48788,0.75414,-0.61601
64779fd1d814571ac5053f8f,2023-07-21T00:00:00.636z,0.92074,-0.42426,0.67417,0.59259,0.5812,0.64414
64779fd1d814571ac5053f8f,2023-07-21T00:00:00.636z,0.01805,-0.11382,-0.34468,-0.31266,0.83172,0.63894
64779fd1d814571ac5053f8f,2023-07-21T00:00:00.636z,0.39608,-0.32817,0.89578,-0.13135,-0.61009,0.50657
64779fd1d814571ac5053f8f,2023-07-21T00:00:00.636z,0.56947,0.00678,-0.68052,-0.63833,-0.89666,0.21787
