64779fd1d814571ac5053f8d,2023-07-03T00:00:00.471z,-0.74397,0.26796,0.74488,0.01668,-0.96038,0.20621
64779fd1d814571ac5053f8d,2023-07-03T00:00:00.471z,-0.76715,0.69878,0.20774,-0.88735,-0.04102,0.14709
64779fd1d814571ac5053f8d,2023-07-03T00:00:00.471z,0.63393,0.08163,-0.56247,0.75998,0.84372,-0.0483
64779fd1d814571ac5053f8d,2023-07-03T00:00:00.471z,-0.66583,-0.08731,0.92495,0.93237,-0.04356,0.24559
64779fd1d814571ac5053f8d,2023-07-03T00:00:00.471z,0.46172,-0.01908,0.31486,0.59948,0.03997,-0.95247
64779fd1d814571ac5053f8d,2023-07-03T00:00:00.471z,-0.82095,0.68465,-0.62486,0.13157,0.56012,0.62241
64779fd1d814571ac5053f8d,2023-07-03T00:00:00.471z,0.87356,0.96547,-0.07684,-0.61086,-0.96619,0.81293
64779fd1d814571ac5053f8d,2023-07-03T00:00:00.471z,-0.39123,0.5842,-0.37053,0.60494,-0.34786,-0.35986
64779fd1d814571ac5053f8d,2023-07-03T00:00:00.471z,0.51841,0.96891,-0.6591,-0.53609,-0.77658,0.48823
64779fd1d814571ac5053f8d,2023-07-03T00:00:00.471z,0.00255,-0.58983,0.59385,0.2431,0.66482,-0.3566
