64779fd2d814571ac5053f90,2023-05-17T00:00:00.983z,0.18928,-0.26625,-0.96623,0.21092,-0.01589,0.52113
64779fd2d814571ac5053f90,2023-05-17T00:00:00.983z,0.77382,-0.81845,-0.0189,0.94108,-0.76119,0.92267
64779fd2d814571ac5053f90,2023-05-17T00:00:00.983z,-0.72407,-0.81364,0.28039,0.08162,-0.86514,0.07386
64779fd2d814571ac5053f90,2023-05-17T00:00:00.983z,0.06696,-0.99055,-0.22945,0.78972,0.23811,0.42447
64779fd2d814571ac5053f90,2023-05-17T00:00:00.983z,-0.51329,0.83814,0.49909,-0.45817,-0.28859,0.46355
64779fd2d814571ac5053f90,2023-05-17T00:00:00.983z,0.24297,0.31771,0.70073,0.60552,-0.16014,-0.67651
64779fd2d814571ac5053f90,2023-05-17T00:00:00.983z,0.33757,0.24576,-0.22205,-0.86285,0.4559,-0.95308
64779fd2d814571ac5053f90,2023-05-17T00:00:00.983z,0.97874,0.00251,0.811,-0.66931,0.0198,-0.83194
64779fd2d814571ac5053f90,2023-05-17T00:00:00.983z,0.53976,0.40424,0.66816,-0.46567,-0.96708,0.49251
64779fd2d814571ac5053f90,2023-05-17T00:00:00.983z,0.41207,0.26036,-0.83141,0.34046,-0.56385,0.47487
