64779fd1d814571ac5053f8e,2023-04-30T00:00:00.899z,-0.75541,-0.89461,0.08822,-0.47259,-0.95661,-0.93036
64779fd1d814571ac5053f8e,2023-04-30T00:00:00.899z,-0.42097,-0.7502,0.41141,0.84971,0.06362,-0.06902
64779fd1d814571ac5053f8e,2023-04-30T00:00:00.899z,0.83291,-0.77674,-0.87637,0.99499,0.03997,0.9977
64779fd1d814571ac5053f8e,2023-04-30T00:00:00.899z,-0.09873,-0.15645,-0.80403,-0.48524,-0.71077,0.81207
64779fd1d814571ac5053f8e,2023-04-30T00:00:00.899z,0.17829,0.53676,0.26279,0.8442,-0.75867,0.25934
64779fd1d814571ac5053f8e,2023-04-30T00:00:00.899z,0.174,0.31955,-0.25517,-0.47459,0.19475,0.75087
64779fd1d814571ac5053f8e,2023-04-30T00:00:00.899z,0.70687,-0.57663,0.20665,0.96579,0.53429,-0.40544
64779fd1d814571ac5053f8e,2023-04-30T00:00:00.899z,0.14906,-0.26967,0.07551,-0.05835,0.84691,-0.51593
64779fd1d814571ac5053f8e,2023-04-30T00:00:00.899z,-0.77599,0.22242,-0.70523,-0.99463,-0.73177,0.28909
64779fd1d814571ac5053f8e,2023-04-30T00:00:00.899z,0.12455,-0.26089,0.44368,0.46752,0.2828,-0.5681
