64779fd3d814571ac5053f93,2023-04-23T00:00:00.222z,0.36177,-0.55379,0.14726,-0.11998,0.27544,-0.25139
64779fd3d814571ac5053f93,2023-04-23T00:00:00.222z,-0.13536,0.59255,0.6151,-0.76361,0.74962,0.19543
64779fd3d814571ac5053f93,2023-04-23T00:00:00.222z,-0.53108,-0.64285,0.62187,-0.21758,0.41792,-0.99289
64779fd3d814571ac5053f93,2023-04-23T00:00:00.222z,0.07492,-0.37762,0.57645,0.84354,0.41825,0.22126
64779fd3d814571ac5053f93,2023-04-23T00:00:00.222z,0.91852,-0.70994,-0.21253,-0.21487,0.3326,-0.30037
64779fd3d814571ac5053f93,2023-04-23T00:00:00.222z,0.58579,0.71009,-0.07427,0.14544,0.25824,0.7836
64779fd3d814571ac5053f93,2023-04-23T00:00:00.222z,0.60832,-0.29474,0.15511,0.58745,0.35205,0.59314
64779fd3d814571ac5053f93,2023-04-23T00:00:00.222z,0.96945,-0.25469,0.64703,0.99668,-0.74896,0.32079
64779fd3d814571ac5053f93,2023-04-23T00:00:00.222z,0.69559,0.66276,-0.03804,0.77158,-0.61225,-0.97919
64779fd3d814571ac5053f93,2023-04-23T00:00:00.222z,-0.29602,0.18669,-0.10002,-0.16036,-0.64703,0.6149
