64779fd3d814571ac5053f94,2023-06-30T00:00:00.246z,0.83465,-0.09381,-0.85899,-0.53002,0.6179,0.72933
64779fd3d814571ac5053f94,2023-06-30T00:00:00.246z,0.53202,0.57256,0.70409,-0.53495,-0.54953,0.86402
64779fd3d814571ac5053f94,2023-06-30T00:00:00.246z,0.8531,-0.91917,-0.59464,-0.3581,-0.67638,0.28932
64779fd3d814571ac5053f94,2023-06-30T00:00:00.246z,-0.75206,0.11733,-0.22217,0.12548,-0.96004,0.38893
64779fd3d814571ac5053f94,2023-06-30T00:00:00.246z,0.3383,0.8244,0.1512,-0.59255,-0.52168,0.27762
64779fd3d814571ac5053f94,2023-06-30T00:00:00.246z,-0.94416,-0.79495,-0.14703,0.46982,0.13183,-0.66754
64779fd3d814571ac5053f94,2023-06-30T00:00:00.246z,-0.76992,-0.9563,0.61526,-0.28724,0.08064,0.17809
64779fd3d814571ac5053f94,2023-06-30T00:00:00.246z,-0.68935,-0.53493,-0.63227,0.31726,-0.04217,0.10809
64779fd3d814571ac5053f94,2023-06-30T00:00:00.246z,0.07327,0.05097,0.15584,-0.1972,0.16741,0.37948
64779fd3d814571ac5053f94,2023-06-30T00:00:00.246z,0.24999,0.70215,0.70571,0.48376,0.30951,-0.70519
