64779fd1d814571ac5053f8e,2023-04-06T00:00:00.791z,0.48359,0.27399,-0.01799,-0.31917,-0.06226,-0.38749
64779fd1d814571ac5053f8e,2023-04-06T00:00:00.791z,-0.52088,0.13723,-0.7499,-0.6774,-0.99779,0.3764
64779fd1d814571ac5053f8e,2023-04-06T00:00:00.791z,0.01826,0.25117,-0.58856,0.40398,-0.42085,-0.23835
64779fd1d814571ac5053f8e,2023-04-06T00:00:00.791z,-0.18836,-0.25944,0.81744,0.1443,-0.8851,-0.59948
64779fd1d814571ac5053f8e,2023-04-06T00:00:00.791z,-0.94115,-0.74201,-0.22769,-0.9956,-0.73898,-0.7915
64779fd1d814571ac5053f8e,2023-04-06T00:00:00.791z,-0.37324,-0.28905,0.78907,0.41362,-0.72194,-0.48059
64779fd1d814571ac5053f8e,2023-04-06T00:00:00.791z,-0.39918,-0.91871,-0.41902,0.72999,-0.06296,-0.87156
64779fd1d814571ac5053f8e,2023-04-06T00:00:00.791z,-0.98996,0.59197,-0.73678,0.52965,-0.36511,-0.00613
64779fd1d814571ac5053f8e,2023-04-06T00:00:00.791z,-0.79816,-0.98786,-0.48772,0.18174,-0.47433,-0.94957
64779fd1d814571ac5053f8e,2023-04-06T00:00:00.791z,-0.78331,0.61973,-0.61346,-0.71608,0.49134,-0.58229
