64779fd1d814571ac5053f8c,2023-05-03T00:00:00.045z,-0.94347,-0.83954,0.19987,0.7185,-0.53734,-0.5288
64779fd1d814571ac5053f8c,2023-05-03T00:00:00.045z,0.85628,0.28356,-0.12966,-0.08439,-0.9719,0.48392
64779fd1d814571ac5053f8c,2023-05-03T00:00:00.045z,-0.09264,-0.36167,-0.44194,-0.19611,-0.63236,0.45075
64779fd1d814571ac5053f8c,2023-05-03T00:00:00.045z,-0.71538,0.22989,0.74524,-0.77723,0.21189,0.2669
64779fd1d814571ac5053f8c,2023-05-03T00:00:00.045z,-0.17888,-0.11388,-0.5233,-0.26813,0.16041,-0.00083
64779fd1d814571ac5053f8c,2023-05-03T00:00:00.045z,-0.66303,-0.3179,0.02155,-0.5383,-0.50665,0.74131
64779fd1d814571ac5053f8c,2023-05-03T00:00:00.045z,0.59722,-0.3463,-0.05235,-0.41741,-0.62638,-0.96342
64779fd1d814571ac5053f8c,2023-05-03T00:00:00.045z,-0.37118,0.95657,-0.08282,-0.33442,0.72186,0.70645
64779fd1d814571ac5053f8c,2023-05-03T00:00:00.045z,0.67967,-0.83878,0.84804,0.29148,-0.24175,0.76489
64779fd1d814571ac5053f8c,2023-05-03T00:00:00.045z,-0.08458,-0.48601,-0.45471,0.71379,0.01298,0.84028
