64779fd2d814571ac5053f90,2023-06-24T00:00:00.913z,0.11542,-0.83165,0.74513,0.43179,0.84031,-0.21682
64779fd2d814571ac5053f90,2023-06-24T00:00:00.913z,-0.29235,0.99343,0.1117,0.02154,0.16711,0.65232
64779fd2d814571ac5053f90,2023-06-24T00:00:00.913z,0.47759,-0.85273,0.79481,-0.36394,-0.32457,0.04036
64779fd2d814571ac5053f90,2023-06-24T00:00:00.913z,-0.49122,0.44041,0.9902,-0.33425,0.49122,0.54148
64779fd2d814571ac5053f90,2023-06-24T00:00:00.913z,-0.76276,0.12105,0.88309,-0.90107,0.15958,0.24259
64779fd2d814571ac5053f90,2023-06-24T00:00:00.913z,-0.74316,0.76987,-0.54061,0.4983,-0.50006,0.14238
64779fd2d814571ac5053f90,2023-06-24T00:00:00.913z,0.02919,-0.70887,-0.78927,-0.96133,-0.28399,-0.12415
64779fd2d814571ac5053f90,2023-06-24T00:00:00.913z,-0.16202,0.75574,-0.51438,-0.42061,-0.65821,-0.89976
64779fd2d814571ac5053f90,2023-06-24T00:00:00.913z,-0.7638,-0.20243,-0.87589,-0.42175,0.46891,-0.29475
64779fd2d814571ac5053f90,2023-06-24T00:00:00.913z,-0.82505,-0.4991,-0.45387,0.67736,0.04606,0.47263
