64779fd3d814571ac5053f94,2023-04-22T00:00:00.969z,0.14645,0.96276,-0.03359,-0.49556,-0.80567,-0.67736
64779fd3d814571ac5053f94,2023-04-22T00:00:00.969z,0.80689,0.30988,0.02281,-0.29836,-0.74258,-0.75494
64779fd3d814571ac5053f94,2023-04-22T00:00:00.969z,0.29614,-0.46611,-0.35663,0.76144,0.8348,0.92037
64779fd3d814571ac5053f94,2023-04-22T00:00:00.969z,-0.67047,0.95063,-0.27555,-0.41071,-0.60683,0.05211
64779fd3d814571ac5053f94,2023-04-22T00:00:00.969z,-0.18192,-0.20006,-0.95946,0.98284,-0.41852,-0.07638
64779fd3d814571ac5053f94,2023-04-22T00:00:00.969z,0.60899,-0.65751,-0.85828,-0.5542,0.35833,-0.10143
64779fd3d814571ac5053f94,2023-04-22T00:00:00.969z,0.23915,-0.67166,-0.26044,-0.63381,-0.17549,-0.25542
64779fd3d814571ac5053f94,2023-04-22T00:00:00.969z,0.85606,0.91593,-0.61069,0.93872,-0.94783,-0.03634
64779fd3d814571ac5053f94,2023-04-22T00:00:00.969z,-0.57102,-0.53619,-0.18037,-0.21605,-0.57619,-0.86774
64779fd3d814571ac5053f94,2023-04-22T00:00:00.969z,0.05651,-0.33115,0.14302,0.95566,0.66363,-0.39816
