64779fd1d814571ac5053f8f,2023-04-25T00:00:00.678z,0.65935,-0.63869,-0.39434,-0.93272,-0.00722,0.07791
64779fd1d814571ac5053f8f,2023-04-25T00:00:00.678z,0.52202,0.34421,-0.80471,-0.40342,-0.70227,0.91361
64779fd1d814571ac5053f8f,2023-04-25T00:00:00.678z,-0.16387,-0.51304,0.35779,0.39815,-0.21159,-0.02674
64779fd1d814571ac5053f8f,2023-04-25T00:00:00.678z,-0.07847,0.48862,-0.55431,0.44328,-0.58583,0.46886
64779fd1d814571ac5053f8f,2023-04-25T00:00:00.678z,-0.39715,-0.35477,0.15798,-0.7413,-0.29153,-0.30245
64779fd1d814571ac5053f8f,2023-04-25T00:00:00.678z,0.31989,0.86211,0.3266,-0.44374,0.52507,0.76504
64779fd1d814571ac5053f8f,2023-04-25T00:00:00.678z,-0.65377,-0.06288,-0.1319,-0.06623,-0.74375,-0.65006
64779fd1d814571ac5053f8f,2023-04-25T00:00:00.678z,-0.21019,-0.07162,0.98484,0.77695,-0.28305,-0.15158
64779fd1d814571ac5053f8f,2023-04-25T00:00:00.678z,-0.65765,-0.58901,0.83093,-0.77371,-0.11895,0.13723
64779fd1d814571ac5053f8f,2023-04-25T00:00:00.678z,-0.4176,-0.65106,0.27561,0.3926,-0.86884,0.7725
