64779fd4d814571ac5053f95,2023-03-24T00:00:00.336z,0.22397,0.23568,-0.42459,0.28125,0.55944,-0.70346
64779fd4d814571ac5053f95,2023-03-24T00:00:00.336z,0.46363,0.75922,0.27693,-0.67273,-0.02769,0.80411
64779fd4d814571ac5053f95,2023-03-24T00:00:00.336z,0.81512,-0.44451,-0.44313,-0.46997,0.7322,-0.34487
64779fd4d814571ac5053f95,2023-03-24T00:00:00.336z,0.19461,0.50135,0.09943,0.57179,0.36775,-0.06003
64779fd4d814571ac5053f95,2023-03-24T00:00:00.336z,-0.08522,0.49144,0.33782,0.56195,0.69899,0.32591
64779fd4d814571ac5053f95,2023-03-24T00:00:00.336z,-0.95822,-0.28876,0.82422,0.10291,0.30124,-0.99336
64779fd4d814571ac5053f95,2023-03-24T00:00:00.336z,0.28658,0.08409,-0.84803,-0.93638,0.09634,0.55475
64779fd4d814571ac5053f95,2023-03-24T00:00:00.336z,0.92898,-0.11172,-0.21584,0.23941,0.98965,0.6498
64779fd4d814571ac5053f95,2023-03-24T00:00:00.336z,0.6713,0.52787,-0.93385,0.37132,-0.11575,-0.32958
64779fd4d814571ac5053f95,2023-03-24T00:00:00.336z,-0.45714,0.7757,0.94573,0.36561,-0.92328,-0.63898
