64779fd2d814571ac5053f91,2023-03-21T00:00:00.190z,0.40875,0.51787,-0.81516,-0.78487,-0.23138,-0.56275
64779fd2d814571ac5053f91,2023-03-21T00:00:00.190z,-0.01398,0.16371,-0.53082,-0.20801,0.88804,0.29868
64779fd2d814571ac5053f91,2023-03-21T00:00:00.190z,0.08806,0.88032,0.55728,-0.12443,-0.71502,-0.74082
64779fd2d814571ac5053f91,2023-03-21T00:00:00.190z,-0.40484,0.30291,-0.35761,0.53038,0.00756,-0.3988
64779fd2d814571ac5053f91,2023-03-21T00:00:00.190z,0.94711,0.68409,0.67222,0.4185,-0.92099,0.02083
64779fd2d814571ac5053f91,2023-03-21T00:00:00.190z,-0.39413,-0.40329,-0.33099,-0.79789,0.86813,0.84641
64779fd2d814571ac5053f91,2023-03-21T00:00:00.190z,0.63078,-0.0978,0.52256,-0.19649,-0.14743,-0.33515
64779fd2d814571ac5053f91,2023-03-21T00:00:00.190z,-0.56251,-0.10761,-0.38845,0.33783,0.95837,0.74558
64779fd2d814571ac5053f91,2023-03-21T00:00:00.190z,-0.20749,-0.02065,-0.00706,0.54775,-0.78672,-0.40895
64779fd2d814571ac5053f91,2023-03-21T00:00:00.190z,-0.47769,-0.23868,-0.576,-0.26021,0.70475,0.7231
