64779fd2d814571ac5053f90,2023-06-08T00:00:00.690z,0.36693,0.65868,0.02059,-0.98807,-0.15161,0.1556
64779fd2d814571ac5053f90,2023-06-08T00:00:00.690z,0.60015,0.1439,-0.08849,0.34761,0.71673,0.04753
64779fd2d814571ac5053f90,2023-06-08T00:00:00.690z,0.75893,-0.77811,-0.50633,-0.18973,0.16543,-0.21832
64779fd2d814571ac5053f90,2023-06-08T00:00:00.690z,0.86474,0.72055,-0.95153,-0.69796,0.37219,0.86998
64779fd2d814571ac5053f90,2023-06-08T00:00:00.690z,0.08721,0.11447,-0.90132,0.20768,-0.77287,0.14123
64779fd2d814571ac5053f90,2023-06-08T00:00:00.690z,-0.47196,-0.85973,-0.07784,0.2778,0.10922,0.5622
64779fd2d814571ac5053f90,2023-06-08T00:00:00.690z,-0.02092,-0.42643,0.05505,-0.20366,-0.33887,0.804
64779fd2d814571ac5053f90,2023-06-08T00:00:00.690z,0.6839,0.48364,-0.10975,0.6372,-0.53623,-0.28238
64779fd2d814571ac5053f90,2023-06-08T00:00:00.690z,-0.37354,0.31381,-0.35888,0.40629,-0.17706,-0.90193
64779fd2d814571ac5053f90,2023-06-08T00:00:00.690z,0.45845,0.56315,-0.79514,0.5142,-0.76493,-0.77254
