64779fd3d814571ac5053f92,2023-06-08T00:00:00.423z,-0.8388,-0.08273,-0.47124,-0.8901,0.66598,-0.00099
64779fd3d814571ac5053f92,2023-06-08T00:00:00.423z,0.29869,0.88709,-0.40899,-0.24744,0.85637,-0.47547
64779fd3d814571ac5053f92,2023-06-08T00:00:00.423z,0.341,-0.43651,-0.39605,0.43195,-0.59606,-0.43071
64779fd3d814571ac5053f92,2023-06-08T00:00:00.423z,-0.76067,0.76283,0.61329,0.75096,0.07354,-0.84862
64779fd3d814571ac5053f92,2023-06-08T00:00:00.423z,0.13295,-0.67954,-0.59431,-0.37278,-0.24097,-0.14204
64779fd3d814571ac5053f92,2023-06-08T00:00:00.423z,-0.63861,-0.15365,0.28946,0.48865,0.72351,-0.16648
64779fd3d814571ac5053f92,2023-06-08T00:00:00.423z,0.0138,-0.49627,0.26159,-0.78222,0.62497,0.98569
64779fd3d814571ac5053f92,2023-06-08T00:00:00.423z,0.26827,-0.48538,0.51541,0.65948,0.64715,0.19969
64779fd3d814571ac5053f92,2023-06-08T00:00:00.423z,0.45492,0.07267,-0.11478,-0.7695,0.33491,-0.47684
64779fd3d814571ac5053f92,2023-06-08T00:00:00.423z,-0.96886,0.67584,-0.59545,0.91842,-0.46879,0.80959
