64779fd3d814571ac5053f94,2023-05-15T00:00:00.542z,0.79788,-0.46421,-0.55931,0.23856,-0.68997,0.81233
64779fd3d814571ac5053f94,2023-05-15T00:00:00.542z,0.89265,0.71191,-0.46758,0.2808,0.65393,0.04929
64779fd3d814571ac5053f94,2023-05-15T00:00:00.542z,-0.77774,0.86734,0.72894,0.37005,0.73396,-0.52572
64779fd3d814571ac5053f94,2023-05-15T00:00:00.542z,-0.31001,0.4286,-0.57054,0.33858,-0.41172,-0.20032
64779fd3d814571ac5053f94,2023-05-15T00:00:00.542z,0.28959,0.82966,0.67306,-0.85722,-0.01558,-0.8711
64779fd3d814571ac5053f94,2023-05-15T00:00:00.542z,-0.99494,0.42783,0.94663,-0.79192,0.77274,-0.38603
64779fd3d814571ac5053f94,2023-05-15T00:00:00.542z,-0.76203,-0.13905,0.89021,-0.89769,-0.41408,-0.83369
64779fd3d814571ac5053f94,2023-05-15T00:00:00.542z,0.60882,0.77637,-0.92031,0.71094,0.72619,0.01547
64779fd3d814571ac5053f94,2023-05-15T00:00:00.542z,-0.06366,-0.79161,-0.28987,0.26612,-0.92017,0.44078
64779fd3d814571ac5053f94,2023-05-15T00:00:00.542z,0.25577,0.16894,0.17074,-0.87876,0.54025,-0.19073
