64779fd1d814571ac5053f8e,2023-06-01T00:00:00.344z,0.05966,0.80783,0.39499,-0.74769,-0.43262,0.03104
64779fd1d814571ac5053f8e,2023-06-01T00:00:00.344z,0.24954,-0.03876,-0.63905,0.3928,0.79906,0.39803
64779fd1d814571ac5053f8e,2023-06-01T00:00:00.344z,-0.77438,-0.14612,-0.37682,0.01122,0.38286,0.49757
64779fd1d814571ac5053f8e,2023-06-01T00:00:00.344z,-0.24563,-0.99064,0.5166,-0.66802,0.07903,-0.45121
64779fd1d814571ac5053f8e,2023-06-01T00:00:00.344z,-0.04266,-0.45531,-0.44038,-0.13605,-0.6282,-0.93794
64779fd1d814571ac5053f8e,2023-06-01T00:00:00.344z,-0.31794,-0.33185,0.18853,0.90381,0.96206,-0.48436
64779fd1d814571ac5053f8e,2023-06-01T00:00:00.344z,-0.67826,0.43152,0.36627,-0.11426,-0.82522,0.00907
64779fd1d814571ac5053f8e,2023-06-01T00:00:00.344z,-0.4478,-0.46233,-0.46832,0.57636,-0.23179,-0.40228
64779fd1d814571ac5053f8e,2023-06-01T00:00:00.344z,0.21228,0.48235,-0.24245,0.33306,-0.36644,0.3973
64779fd1d814571ac5053f8e,2023-06-01T00:00:00.344z,0.81421,-0.51332,-0.9976,0.70781,-0.66201,-0.68445
