64779fd4d814571ac5053f95,2023-07-15T00:00:00.546z,0.4992,-0.55456,0.7747,0.01602,0.2608,0.44051
64779fd4d814571ac5053f95,2023-07-15T00:00:00.546z,-0.48194,0.6967,-0.68505,0.10395,0.19031,0.01849
64779fd4d814571ac5053f95,2023-07-15T00:00:00.546z,0.21201,-0.63386,0.83862,-0.58794,-0.14327,-0.02263
64779fd4d814571ac5053f95,2023-07-15T00:00:00.546z,0.8069,0.2472,0.36485,0.93117,0.83095,0.53036
64779fd4d814571ac5053f95,2023-07-15T00:00:00.546z,0.39986,0.326,0.33679,0.70618,-0.83985,-0.56135
64779fd4d814571ac5053f95,2023-07-15T00:00:00.546z,0.61543,0.06404,-0.36375,0.11706,0.14753,0.40414
64779fd4d814571ac5053f95,2023-07-15T00:00:00.546z,-0.37299,0.81619,0.19131,-0.40078,-0.24443,-0.40992
64779fd4d814571ac5053f95,2023-07-15T00:00:00.546z,-0.09365,0.35991,-0.47129,-0.81305,0.13039,-0.15393
64779fd4d814571ac5053f95,2023-07-15T00:00:00.546z,0.50362,-0.07908,0.43518,0.75544,-0.1611,-0.13841
64779fd4d814571ac5053f95,2023-07-15T00:00:00.546z,0.07832,-0.74707,0.37961,-0.59878,-0.17705,-0.06162
