64779fd3d814571ac5053f93,2023-06-30T00:00:00.308z,-0.53736,-0.58836,-0.45045,0.89353,0.28188,-0.29389
64779fd3d814571ac5053f93,2023-06-30T00:00:00.308z,-0.33197,0.37194,-0.94613,0.33506,0.30895,-0.95853
64779fd3d814571ac5053f93,2023-06-30T00:00:00.308z,-0.55445,0.23937,0.76868,-0.81365,-0.00107,0.81147
64779fd3d814571ac5053f93,2023-06-30T00:00:00.308z,0.09348,0.32745,-0.60828,0.16314,-0.57827,0.84945
64779fd3d814571ac5053f93,2023-06-30T00:00:00.308z,0.44308,0.52608,0.81899,0.34008,0.2991,0.31826
64779fd3d814571ac5053f93,2023-06-30T00:00:00.308z,-0.2156,0.31426,0.67398,0.92381,0.06241,-0.18282
64779fd3d814571ac5053f93,2023-06-30T00:00:00.308z,0.73107,-0.00345,-0.59788,0.3319,-0.23483,-0.13419
64779fd3d814571ac5053f93,2023-06-30T00:00:00.308z,0.31199,0.51376,0.77768,0.11249,-0.4128,-0.20847
64779fd3d814571ac5053f93,2023-06-30T00:00:00.308z,0.13153,-0.10514,0.99693,-0.94917,-0.72766,-0.29179
64779fd3d814571ac5053f93,2023-06-30T00:00:00.308z,-0.4662,-0.32463,0.83358,-0.96602,0.41827,-0.51233
