64779fd2d814571ac5053f90,2023-07-01T00:00:00.548z,0.06286,0.92207,-0.97864,0.26152,-0.79454,0.80818
64779fd2d814571ac5053f90,2023-07-01T00:00:00.548z,-0.18521,0.23957,-0.69539,-0.25491,0.86993,0.43809
64779fd2d814571ac5053f90,2023-07-01T00:00:00.548z,0.35722,0.27174,-0.79063,0.65123,-0.70382,-0.90031
64779fd2d814571ac5053f90,2023-07-01T00:00:00.548z,-0.03558,-0.06451,-0.59806,-0.40126,-0.51072,-0.69953
64779fd2d814571ac5053f90,2023-07-01T00:00:00.548z,-0.2295,0.58778,0.34402,-0.79501,-0.8203,0.82629
64779fd2d814571ac5053f90,2023-07-01T00:00:00.548z,-0.17832,0.97203,0.54878,0.48354,0.02305,-0.14418
64779fd2d814571ac5053f90,2023-07-01T00:00:00.548z,0.3328,-0.73742,-0.44426,0.05655,0.01331,-0.39841
64779fd2d814571ac5053f90,2023-07-01T00:00:00.548z,0.08742,0.14557,0.63753,0.2283,-0.80307,0.4367
64779fd2d814571ac5053f90,2023-07-01T00:00:00.548z,-0.29489,-0.94623,-0.36343,0.72391,-0.76355,0.1566
64779fd2d814571ac5053f90,2023-07-01T00:00:00.548z,0.98729,0.27178,-0.70367,-0.41388,-0.26179,0.84136
