64779fd3d814571ac5053f92,2023-04-20T00:00:00.387z,-0.88423,0.97469,0.39815,0.70629,0.37992,-0.3828
64779fd3d814571ac5053f92,2023-04-20T00:00:00.387z,-0.21433,-0.6525,0.94868,0.58405,0.50824,0.11437
64779fd3d814571ac5053f92,2023-04-20T00:00:00.387z,0.77148,0.58228,-0.96561,-0.18247,-0.24953,-0.19715
64779fd3d814571ac5053f92,2023-04-20T00:00:00.387z,-0.85438,-0.12838,-0.76247,-0.8703,0.20776,-0.44349
64779fd3d814571ac5053f92,2023-04-20T00:00:00.387z,-0.03483,-0.45485,-0.05559,0.11815,-0.74522,-0.87456
64779fd3d814571ac5053f92,2023-04-20T00:00:00.387z,-0.79892,0.62958,0.03646,-0.82887,0.39204,0.82727
64779fd3d814571ac5053f92,2023-04-20T00:00:00.387z,0.63298,-0.52814,-0.8591,-0.7828,-0.11818,0.83776
64779fd3d814571ac5053f92,2023-04-20T00:00:00.387z,0.26229,-0.49087,-0.70045,0.72345,-0.29501,0.66612
64779fd3d814571ac5053f92,2023-04-20T00:00:00.387z,0.21064,-0.66002,-0.74425,-0.85298,0.12536,0.43732
64779fd3d814571ac5053f92,2023-04-20T00:00:00.387z,0.77233,0.85377,0.21459,0.77911,0.07618,-0.60551
