64779fd3d814571ac5053f94,2023-06-27T00:00:00.752z,0.51358,0.86482,-0.33059,0.12526,0.21712,-0.22092
64779fd3d814571ac5053f94,2023-06-27T00:00:00.752z,0.85223,-0.05463,-0.71935,-0.61177,-0.4212,0.35789
64779fd3d814571ac5053f94,2023-06-27T00:00:00.752z,-0.44399,0.93117,0.53467,-0.2736,-0.22906,-0.3565
64779fd3d814571ac5053f94,2023-06-27T00:00:00.752z,0.67038,0.11257,-0.95694,-0.00085,-0.28829,-0.02791
64779fd3d814571ac5053f94,2023-06-27T00:00:00.752z,0.72448,-0.2033,-0.41601,-0.79183,-0.65673,-0.1743
64779fd3d814571ac5053f94,2023-06-27T00:00:00.752z,-0.81439,0.27395,0.28427,-0.74995,0.87717,0.75337
64779fd3d814571ac5053f94,2023-06-27T00:00:00.752z,0.99684,0.54985,0.38426,0.58638,-0.29633,0.65385
64779fd3d814571ac5053f94,2023-06-27T00:00:00.752z,-0.8751,-0.06285,0.33289,-0.09841,-0.08529,0.80038
64779fd3d814571ac5053f94,2023-06-27T00:00:00.752z,-0.55037,0.39485,-0.83137,-0.82705,-0.83841,-0.73461
64779fd3d814571ac5053f94,2023-06-27T00:00:00.752z,-0.13624,0.77124,-0.89638,0.18116,-0.62158,0.87443
