64779fd3d814571ac5053f94,2023-04-25T00:00:00.092z,-0.39727,0.78784,-0.11926,0.67261,0.20375,0.94729
64779fd3d814571ac5053f94,2023-04-25T00:00:00.092z,-0.72469,-0.96218,-0.09836,0.2159,-0.94901,-0.02525
64779fd3d814571ac5053f94,2023-04-25T00:00:00.092z,0.67721,0.64874,-0.53385,0.36961,0.82861,0.4145
64779fd3d814571ac5053f94,2023-04-25T00:00:00.092z,-0.24736,0.04377,-0.17834,0.6848,0.58916,-0.25488
64779fd3d814571ac5053f94,2023-04-25T00:00:00.092z,0.86381,-0.96697,-0.57227,0.65465,0.10043,-0.81861
64779fd3d814571ac5053f94,2023-04-25T00:00:00.092z,0.12948,-0.96565,0.59716,0.54549,-0.87225,-0.30042
64779fd3d814571ac5053f94,2023-04-25T00:00:00.092z,-0.65606,0.79523,0.66918,0.1149,-0.87113,-0.9062
64779fd3d814571ac5053f94,2023-04-25T00:00:00.092z,0.74961,0.69822,-0.3758,0.66308,-0.34528,0.07019
64779fd3d814571ac5053f94,2023-04-25T00:00:00.092z,0.81014,-0.08168,-0.07864,-0.62284,0.50982,-0.48942
64779fd3d814571ac5053f94,2023-04-25T00:00:00.092z,-0.20362,-0.49571,0.13048,0.31641,-0.66209,-0.04125
