64779fd3d814571ac5053f92,2023-07-21T00:00:00.856z,0.47174,0.00638,-0.95237,0.43743,-0.65631,0.871
64779fd3d814571ac5053f92,2023-07-21T00:00:00.856z,0.80448,0.57286,0.82665,0.17117,0.21646,0.64083
64779fd3d814571ac5053f92,2023-07-21T00:00:00.856z,-0.57061,0.16632,0.0083,-0.85498,-0.60753,-0.01274
64779fd3d814571ac5053f92,2023-07-21T00:00:00.856z,-0.19808,-0.80835,0.08388,-0.73821,0.80343,0.41125
64779fd3d814571ac5053f92,2023-07-21T00:00:00.856z,-0.41407,-0.1121,-0.80373,0.96274,0.84013,0.79105
64779fd3d814571ac5053f92,2023-07-21T00:00:00.856z,-0.78322,0.36583,-0.62038,-0.67732,-0.70841,-0.26746
64779fd3d814571ac5053f92,2023-07-21T00:00:00.856z,-0.24967,-0.28036,-0.34438,-0.92838,-0.43354,0.01065
64779fd3d814571ac5053f92,2023-07-21T00:00:00.856z,-0.93326,-0.02583,-0.20943,-0.43823,0.76977,-0.8494
64779fd3d814571ac5053f92,2023-07-21T00:00:00.856z,0.90668,0.34637,0.94065,-0.94161,-0.14563,0.93574
64779fd3d814571ac5053f92,2023-07-21T00:00:00.856z,-0.33636,0.08757,0.90544,-0.10696,0.68059,0.78476
