64779fd3d814571ac5053f94,2023-06-26T00:00:00.325z,0.97525,0.58939,-0.83567,0.65575,-0.67986,-0.99723
64779fd3d814571ac5053f94,2023-06-26T00:00:00.325z,-0.43477,0.70166,0.84845,-0.62078,-0.03158,0.21614
64779fd3d814571ac5053f94,2023-06-26T00:00:00.325z,-0.40998,0.27464,-0.70392,0.17411,0.10213,-0.94764
64779fd3d814571ac5053f94,2023-06-26T00:00:00.325z,-0.55136,0.71411,-0.44111,0.07379,0.17602,-0.24555
64779fd3d814571ac5053f94,2023-06-26T00:00:00.325z,0.34753,0.91712,-0.38185,-0.46808,-0.039,-0.7765
64779fd3d814571ac5053f94,2023-06-26T00:00:00.325z,0.2698,0.25634,0.27984,0.85396,0.01444,0.6304
64779fd3d814571ac5053f94,2023-06-26T00:00:00.325z,-0.09585,0.66448,-0.9493,0.04729,-0.85728,-0.58579
64779fd3d814571ac5053f94,2023-06-26T00:00:00.325z,-0.28043,-0.96298,0.41044,-0.11754,0.20975,-0.01089
64779fd3d814571ac5053f94,2023-06-26T00:00:00.325z,0.95024,-0.90455,0.36902,-0.55787,0.69064,-0.01973
64779fd3d814571ac5053f94,2023-06-26T00:00:00.325z,0.57311,0.9765,0.91309,-0.18284,-0.79258,0.54609
