64779fd1d814571ac5053f8d,2023-06-23T00:00:00.689z,0.12588,0.26756,-0.86998,-0.23954,0.55226,-0.02946
64779fd1d814571ac5053f8d,2023-06-23T00:00:00.689z,-0.40926,0.19183,0.89531,0.64246,-0.542,-0.33861
64779fd1d814571ac5053f8d,2023-06-23T00:00:00.689z,0.43833,0.97867,-0.52627,0.20036,-0.80144,0.36223
64779fd1d814571ac5053f8d,2023-06-23T00:00:00.689z,0.12662,-0.15176,-0.57955,-0.41041,-0.6609,0.27802
64779fd1d814571ac5053f8d,2023-06-23T00:00:00.689z,-0.62243,0.12935,0.9301,-0.32204,0.48539,0.10853
64779fd1d814571ac5053f8d,2023-06-23T00:00:00.689z,0.63843,0.856,0.54838,0.55248,0.97348,-0.44175
64779fd1d814571ac5053f8d,2023-06-23T00:00:00.689z,-0.92032,0.31057,-0.44527,0.71647,-0.48454,0.96351
64779fd1d814571ac5053f8d,2023-06-23T00:00:00.689z,-0.75335,-0.49775,-0.91118,-0.2628,-0.15867,0.05975
64779fd1d814571ac5053f8d,2023-06-23T00:00:00.689z,0.7394,-0.75059,0.54795,0.29797,0.13956,0.14339
64779fd1d814571ac5053f8d,2023-06-23T00:00:00.689z,-0.28473,-0.70571,0.85347,-0.07599,-0.1269,0.15211
