64779fd1d814571ac5053f8e,2023-06-21T00:00:00.142z,-0.01967,0.9432,0.05804,-0.31678,-0.07061,0.04467
64779fd1d814571ac5053f8e,2023-06-21T00:00:00.142z,-0.93542,0.21717,0.64565,-0.06666,0.04589,0.6132
64779fd1d814571ac5053f8e,2023-06-21T00:00:00.142z,-0.68212,0.76705,0.36929,0.35154,-0.76254,-0.14628
64779fd1d814571ac5053f8e,2023-06-21T00:00:00.142z,-0.27871,-0.74588,-0.81229,0.98776,-0.3885,0.17369
64779fd1d814571ac5053f8e,2023-06-21T00:00:00.142z,0.44267,0.39039,0.33197,-0.96434,-0.68672,-0.74546
64779fd1d814571ac5053f8e,2023-06-21T00:00:00.142z,-0.421,-0.86739,-0.76678,-0.339,0.06808,-0.72376
64779fd1d814571ac5053f8e,2023-06-21T00:00:00.142z,0.98495,0.24597,0.08538,-0.5905,0.49926,0.84225
64779fd1d814571ac5053f8e,2023-06-21T00:00:00.142z,0.56518,0.74552,-0.15851,-0.40992,-0.23096,-0.66894
64779fd1d814571ac5053f8e,2023-06-21T00:00:00.142z,-0.76622,-0.36846,-0.611,0.67554,0.00624,-0.01018
64779fd1d814571ac5053f8e,2023-06-21T00:00:00.142z,0.87162,-0.13993,-0.42026,0.60174,-0.57338,0.23934
