64779fd3d814571ac5053f94,2023-05-30T00:00:00.048z,0.73402,-0.55274,0.13377,-0.29832,0.53463,-0.75554
64779fd3d814571ac5053f94,2023-05-30T00:00:00.048z,-0.35553,-0.8865,-0.46376,-0.46475,-0.5766,-0.38761
64779fd3d814571ac5053f94,2023-05-30T00:00:00.048z,-0.43602,-0.11382,-0.24641,0.60303,-0.4776,-0.37879
64779fd3d814571ac5053f94,2023-05-30T00:00:00.048z,0.93868,-0.37731,-0.34771,0.52922,-0.5255,-0.17573
64779fd3d814571ac5053f94,2023-05-30T00:00:00.048z,0.84669,-0.13646,-0.25407,-0.34744,-0.07717,-0.22061
64779fd3d814571ac5053f94,2023-05-30T00:00:00.048z,0.8628,0.34276,0.90233,-0.70348,0.0026,0.51496
64779fd3d814571ac5053f94,2023-05-30T00:00:00.048z,-0.91012,0.40628,0.78509,-0.89083,-0.18162,-0.89229
64779fd3d814571ac5053f94,2023-05-30T00:00:00.048z,-0.86351,0.20671,0.82704,0.53385,0.58033,-0.43712
64779fd3d814571ac5053f94,2023-05-30T00:00:00.048z,0.0721,0.2731,-0.01493,0.17366,-0.00497,0.94075
64779fd3d814571ac5053f94,2023-05-30T00:00:00.048z,-0.21147,-0.42323,-0.50371,0.55375,-0.85552,0.10631
