64779fd1d814571ac5053f8f,2023-05-27T00:00:00.916z,0.62699,-0.91454,0.9192,0.27881,0.05818,0.13518
64779fd1d814571ac5053f8f,2023-05-27T00:00:00.916z,0.39139,0.89267,0.30549,0.09207,-0.33214,0.55286
64779fd1d814571ac5053f8f,2023-05-27T00:00:00.916z,0.9485,0.89923,-0.32042,-0.88481,0.13502,-0.93329
64779fd1d814571ac5053f8f,2023-05-27T00:00:00.916z,0.32622,0.36391,-0.62364,0.22005,-0.47887,0.68039
64779fd1d814571ac5053f8f,2023-05-27T00:00:00.916z,-0.00435,-0.70209,0.75884,0.9893,-0.70707,0.66976
64779fd1d814571ac5053f8f,2023-05-27T00:00:00.916z,-0.13057,0.57363,0.01545,0.71749,0.87556,-0.76183
64779fd1d814571ac5053f8f,2023-05-27T00:00:00.916z,0.77125,-0.22431,-0.63924,0.51891,0.54948,-0.50587
64779fd1d814571ac5053f8f,2023-05-27T00:00:00.916z,-0.20823,0.69084,0.21678,-0.08246,-0.11469,-0.80895
64779fd1d814571ac5053f8f,2023-05-27T00:00:00.916z,-0.23937,0.66442,-0.55545,0.18638,-0.60426,-0.99239
64779fd1d814571ac5053f8f,2023-05-27T00:00:00.916z,-0.87407,-0.82855,0.35046,0.96782,-0.01745,-0.35996
