64779fd3d814571ac5053f92,2023-07-18T00:00:00.157z,0.6571,-0.36224,-0.07001,-0.88023,0.59372,0.17459
64779fd3d814571ac5053f92,2023-07-18T00:00:00.157z,-0.9934,0.44575,-0.15318,-0.36468,-0.18673,0.68218
64779fd3d814571ac5053f92,2023-07-18T00:00:00.157z,0.15722,0.32161,0.59614,-0.97712,0.12263,0.58781
64779fd3d814571ac5053f92,2023-07-18T00:00:00.157z,-0.11797,0.81532,-0.14979,0.13925,0.35064,0.31379
64779fd3d814571ac5053f92,2023-07-18T00:00:00.157z,-0.95251,-0.42881,-0.73132,0.04378,-0.76972,-0.76648
64779fd3d814571ac5053f92,2023-07-18T00:00:00.157z,-0.39524,-0.90059,0.36992,0.60106,-0.81457,0.80522
64779fd3d814571ac5053f92,2023-07-18T00:00:00.157z,-0.5529,0.18379,0.6932,-0.37664,-0.65733,-0.37171
64779fd3d814571ac5053f92,2023-07-18T00:00:00.157z,0.85824,0.65286,-0.79129,-0.57864,0.90061,0.82811
64779fd3d814571ac5053f92,2023-07-18T00:00:00.157z,0.37859,-0.89975,0.53279,0.69368,-0.77389,-0.55513
64779fd3d814571ac5053f92,2023-07-18T00:00:00.157z,0.23653,0.2865,-0.08392,0.6237,-0.5744,-0.24073
