64779fd3d814571ac5053f92,2023-03-25T00:00:00.270z,0.36996,0.39535,0.7191,-0.07721,-0.33609,0.24961
64779fd3d814571ac5053f92,2023-03-25T00:00:00.270z,0.0359,-0.59964,-0.25498,0.78792,-0.54219,0.33664
64779fd3d814571ac5053f92,2023-03-25T00:00:00.270z,-0.77269,-0.78135,0.71981,-0.53931,0.23714,-0.01053
64779fd3d814571ac5053f92,2023-03-25T00:00:00.270z,0.77514,-0.94991,-0.78104,-0.43565,0.15006,-0.12975
64779fd3d814571ac5053f92,2023-03-25T00:00:00.270z,-0.62248,-0.80985,-0.69989,-0.29938,-0.76869,0.32432
64779fd3d814571ac5053f92,2023-03-25T00:00:00.270z,-0.12801,-0.47343,-0.80607,-0.71233,0.53465,0.83226
64779fd3d814571ac5053f92,2023-03-25T00:00:00.270z,0.60889,-0.98428,0.6497,0.38669,0.04979,-0.13256
64779fd3d814571ac5053f92,2023-03-25T00:00:00.270z,0.15598,-0.1366,-0.49794,-0.69732,0.91948,-0.98002
64779fd3d814571ac5053f92,2023-03-25T00:00:00.270z,-0.06231,0.88267,-0.81334,-0.3403,-0.01788,0.67729
64779fd3d814571ac5053f92,2023-03-25T00:00:00.270z,0.10155,0.39894,-0.92157,0.5474,0.70067,0.70621
