64779fd1d814571ac5053f8e,2023-07-25T00:00:00.795z,-0.65199,0.26809,0.24516,-0.56986,-0.78913,0.27297
64779fd1d814571ac5053f8e,2023-07-25T00:00:00.795z,0.89442,-0.8907,-0.50389,-0.52138,0.5431,-0.47455
64779fd1d814571ac5053f8e,2023-07-25T00:00:00.795z,0.88278,0.50979,-0.14702,0.96116,0.52305,-0.63591
64779fd1d814571ac5053f8e,2023-07-25T00:00:00.795z,-0.76291,-0.79456,0.0097,-0.7274,0.19959,-0.16886
64779fd1d814571ac5053f8e,2023-07-25T00:00:00.795z,-0.0057,0.38315,-0.66256,0.9209,0.6894,0.94613
64779fd1d814571ac5053f8e,2023-07-25T00:00:00.795z,-0.78349,0.59147,-0.43954,-0.11489,0.05129,-0.08741
64779fd1d814571ac5053f8e,2023-07-25T00:00:00.795z,0.6176,-0.14169,0.26631,-0.29994,-0.09263,0.09513
64779fd1d814571ac5053f8e,2023-07-25T00:00:00.795z,-0.10438,-0.4228,-0.29249,0.46975,0.68566,0.44484
64779fd1d814571ac5053f8e,2023-07-25T00:00:00.795z,-0.04783,0.82364,0.82857,-0.28446,-0.1086,0.62002
64779fd1d814571ac5053f8e,2023-07-25T00:00:00.795z,-0.40764,-0.24682,-0.51448,-0.78563,0.50907,-0.23899
