64779fd1d814571ac5053f8e,2023-04-03T00:00:00.535z,0.18835,0.12092,-0.85537,0.05495,-0.3936,0.33564
64779fd1d814571ac5053f8e,2023-04-03T00:00:00.535z,-0.34063,0.75287,-0.11051,0.4365,-0.12955,0.71649
64779fd1d814571ac5053f8e,2023-04-03T00:00:00.535z,-0.09511,0.46386,0.77813,0.59738,0.24542,0.50315
64779fd1d814571ac5053f8e,2023-04-03T00:00:00.535z,0.66616,-0.56815,0.30339,-0.62057,-0.13984,0.57591
64779fd1d814571ac5053f8e,2023-04-03T00:00:00.535z,-0.38774,0.12326,-0.75675,0.83907,-0.49111,-0.42463
64779fd1d814571ac5053f8e,2023-04-03T00:00:00.535z,-0.16867,0.52805,0.56418,-0.73323,-0.91714,-0.70247
64779fd1d814571ac5053f8e,2023-04-03T00:00:00.535z,-0.83688,-0.26656,0.58023,-0.54655,-0.86521,-0.33529
64779fd1d814571ac5053f8e,2023-04-03T00:00:00.535z,-0.87174,0.04129,0.26649,0.17234,0.62738,0.58051
64779fd1d814571ac5053f8e,2023-04-03T00:00:00.535z,0.30318,-0.35694,0.57015,0.41864,0.79447,0.21352
64779fd1d814571ac5053f8e,2023-04-03T00:00:00.535z,0.33709,-0.40212,-0.04205,-0.6047,0.60565,-0.12334
