64779fd2d814571ac5053f90,2023-03-29T00:00:00.905z,-0.6471,-0.21719,-0.50041,-0.67288,0.81557,-0.12738
64779fd2d814571ac5053f90,2023-03-29T00:00:00.905z,0.90742,-0.26199,0.9209,0.83882,-0.53761,-0.12368
64779fd2d814571ac5053f90,2023-03-29T00:00:00.905z,-0.99533,-0.49184,-0.30495,0.76481,-0.06185,0.68845
64779fd2d814571ac5053f90,2023-03-29T00:00:00.905z,-0.37504,-0.31148,0.08137,0.99486,0.31196,-0.10701
64779fd2d814571ac5053f90,2023-03-29T00:00:00.905z,-0.35961,0.4812,0.18017,0.71112,0.15547,0.81406
64779fd2d814571ac5053f90,2023-03-29T00:00:00.905z,-0.59403,-0.87048,0.82645,-0.80836,0.39456,-0.55649
64779fd2d814571ac5053f90,2023-03-29T00:00:00.905z,-0.66507,-0.64877,0.69279,0.69256,0.44767,-0.30821
64779fd2d814571ac5053f90,2023-03-29T00:00:00.905z,0.18781,-0.87946,0.8523,-0.05064,0.73863,-0.76215
64779fd2d814571ac5053f90,2023-03-29T00:00:00.905z,0.77761,0.20586,-0.79648,0.01478,0.0942,0.38136
64779fd2d814571ac5053f90,2023-03-29T00:00:00.905z,-0.39029,0.38147,-0.96788,0.9579,0.85645,0.28745
