64779fd3d814571ac5053f93,2023-06-14T00:00:00.145z,0.21766,-0.48335,0.34707,0.87867,0.99425,0.07032
64779fd3d814571ac5053f93,2023-06-14T00:00:00.145z,-0.42229,-0.67965,-0.83767,-0.38186,0.56154,-0.03776
64779fd3d814571ac5053f93,2023-06-14T00:00:00.145z,-0.02132,0.57155,0.88536,-0.8069,-0.94763,-0.90784
64779fd3d814571ac5053f93,2023-06-14T00:00:00.145z,0.63558,-0.11403,-0.91302,0.18292,-0.39114,0.15077
64779fd3d814571ac5053f93,2023-06-14T00:00:00.145z,-0.68028,0.1965,0.67605,0.41662,-0.98564,0.23151
64779fd3d814571ac5053f93,2023-06-14T00:00:00.145z,-0.10875,-0.49945,0.56101,0.46519,0.60164,0.74861
64779fd3d814571ac5053f93,2023-06-14T00:00:00.145z,-0.67964,-0.10394,-0.69132,-0.49856,0.13713,-0.76581
64779fd3d814571ac5053f93,2023-06-14T00:00:00.145z,0.57912,0.8063,0.93172,0.72385,0.67832,-0.51522
64779fd3d814571ac5053f93,2023-06-14T00:00:00.145z,-0.3617,0.65626,0.08866,0.43355,0.96836,0.15967
64779fd3d814571ac5053f93,2023-06-14T00:00:00.145z,-0.06699,-0.77206,0.06099,-0.06727,0.58489,0.21088
