64779fd3d814571ac5053f92,2023-05-04T00:00:00.991z,-0.39136,0.25572,0.96022,-0.26526,-0.12212,0.49297
64779fd3d814571ac5053f92,2023-05-04T00:00:00.991z,0.82982,-0.724,0.78535,-0.68139,0.60244,-0.58224
64779fd3d814571ac5053f92,2023-05-04T00:00:00.991z,-0.88444,-0.31081,-0.50978,0.69797,-0.82683,0.94828
64779fd3d814571ac5053f92,2023-05-04T00:00:00.991z,-0.4324,-0.91226,-0.44656,-0.40321,-0.92662,-0.91242
64779fd3d814571ac5053f92,2023-05-04T00:00:00.991z,-0.87122,-0.32252,0.26584,-0.22394,-0.91761,-0.14864
64779fd3d814571ac5053f92,2023-05-04T00:00:00.991z,-0.54432,0.63758,0.94716,0.55367,-0.11653,0.98185
64779fd3d814571ac5053f92,2023-05-04T00:00:00.991z,0.34207,0.44352,-0.00837,0.04652,-0.30332,0.59954
64779fd3d814571ac5053f92,2023-05-04T00:00:00.991z,0.90634,-0.36512,-0.23423,-0.43533,-0.97981,0.77668
64779fd3d814571ac5053f92,2023-05-04T00:00:00.991z,-0.05753,0.62435,0.3295,0.0887,-0.87147,0.24058
64779fd3d814571ac5053f92,2023-05-04T00:00:00.991z,0.41395,0.43467,-0.24942,0.61451,-0.42013,0.28107
