64779fd2d814571ac5053f91,2023-04-12T00:00:00.638z,-0.50583,0.7936,0.99237,-0.88311,-0.67311,0.23049
64779fd2d814571ac5053f91,2023-04-12T00:00:00.638z,-0.39608,-0.96829,0.97305,-0.37716,-0.04027,-0.28053
64779fd2d814571ac5053f91,2023-04-12T00:00:00.638z,-0.22849,0.44857,0.74918,-0.02992,-0.71075,0.02751
64779fd2d814571ac5053f91,2023-04-12T00:00:00.638z,-0.1935,-0.27696,-0.39688,0.01362,-0.12765,0.8365
64779fd2d814571ac5053f91,2023-04-12T00:00:00.638z,0.40163,-0.7127,0.49109,-0.68984,-0.47535,-0.46755
64779fd2d814571ac5053f91,2023-04-12T00:00:00.638z,0.31345,-0.59605,0.48709,0.87602,0.41555,0.28155
64779fd2d814571ac5053f91,2023-04-12T00:00:00.638z,-0.36585,0.18981,0.47171,-0.99835,0.22151,0.80975
64779fd2d814571ac5053f91,2023-04-12T00:00:00.638z,-0.27554,-0.95176,0.2714,-0.69455,-0.44596,-0.08263
64779fd2d814571ac5053f91,2023-04-12T00:00:00.638z,0.18386,0.31909,0.3055,-0.62214,-0.15119,0.87569
64779fd2d814571ac5053f91,2023-04-12T00:00:00.638z,0.36351,-0.7175,-0.27959,-0.74048,-0.38996,0.06361
