64779fd4d814571ac5053f95,2023-07-18T00:00:00.525z,0.19756,0.73392,0.99359,-0.30385,-0.27106,0.78234
64779fd4d814571ac5053f95,2023-07-18T00:00:00.525z,0.6102,-0.78836,-0.77221,-0.58995,-0.45398,-0.84309
64779fd4d814571ac5053f95,2023-07-18T00:00:00.525z,-0.0187,0.64461,-0.4006,-0.98137,-0.94258,-0.27316
64779fd4d814571ac5053f95,2023-07-18T00:00:00.525z,-0.05376,0.00734,-0.75395,-0.0707,-0.31237,-0.2286
64779fd4d814571ac5053f95,2023-07-18T00:00:00.525z,-0.51864,0.75001,0.61297,0.76718,0.34718,0.06675
64779fd4d814571ac5053f95,2023-07-18T00:00:00.525z,-0.4219,0.2862,-0.41761,0.19657,-0.39672,-0.3542
64779fd4d814571ac5053f95,2023-07-18T00:00:00.525z,-0.47248,0.87872,-0.05135,0.72905,-0.85817,-0.74023
64779fd4d814571ac5053f95,2023-07-18T00:00:00.525z,0.9827,-0.55953,0.09661,-0.63099,0.34198,0.70181
64779fd4d814571ac5053f95,2023-07-18T00:00:00.525z,0.5564,0.72122,0.66867,0.25128,0.08134,-0.06589
64779fd4d814571ac5053f95,2023-07-18T00:00:00.525z,0.15175,-0.44781,-0.79025,-0.28403,-0.98649,0.21198
