64779fd3d814571ac5053f94,2023-06-24T00:00:00.337z,0.94287,0.91915,-0.67237,0.60977,-0.67964,-0.84637
64779fd3d814571ac5053f94,2023-06-24T00:00:00.337z,0.39005,0.25582,-0.68475,-0.30144,0.29821,0.4517
64779fd3d814571ac5053f94,2023-06-24T00:00:00.337z,0.31566,-0.16808,0.45666,0.95459,0.88267,-0.7318
64779fd3d814571ac5053f94,2023-06-24T00:00:00.337z,-0.07059,-0.50232,-0.40727,0.6806,0.92755,0.21287
64779fd3d814571ac5053f94,2023-06-24T00:00:00.337z,0.04051,0.01262,0.48756,-0.62174,-0.15141,-0.84483
64779fd3d814571ac5053f94,2023-06-24T00:00:00.337z,-0.38709,-0.28021,-0.33823,-0.04858,-0.40534,0.39144
64779fd3d814571ac5053f94,2023-06-24T00:00:00.337z,-0.55984,0.50029,-0.6108,0.20465,-0.62479,-0.06571
64779fd3d814571ac5053f94,2023-06-24T00:00:00.337z,-0.07603,0.2718,0.78968,-0.9088,0.77641,-0.43716
64779fd3d814571ac5053f94,2023-06-24T00:00:00.337z,0.53613,0.67863,0.19954,0.32488,0.07397,0.27623
64779fd3d814571ac5053f94,2023-06-24T00:00:00.337z,-0.44222,-0.47767,-0.36086,-0.54208,-0.99133,-0.41564
