64779fd3d814571ac5053f92,2023-03-29T00:00:00.648z,-0.83626,0.81178,0.11874,0.54056,-0.25597,-0.49215
64779fd3d814571ac5053f92,2023-03-29T00:00:00.648z,0.68399,0.89927,0.02263,-0.69559,-0.79858,0.01849
64779fd3d814571ac5053f92,2023-03-29T00:00:00.648z,-0.94378,0.9633,-0.08926,-0.8752,-0.99153,-0.02863
64779fd3d814571ac5053f92,2023-03-29T00:00:00.648z,0.38952,0.65338,-0.05985,0.71857,-0.86815,0.92065
64779fd3d814571ac5053f92,2023-03-29T00:00:00.648z,0.1932,0.0052,0.81613,-0.05095,-0.31617,-0.43669
64779fd3d814571ac5053f92,2023-03-29T00:00:00.648z,0.87028,-0.71359,-0.983,0.40021,0.42208,0.44443
64779fd3d814571ac5053f92,2023-03-29T00:00:00.648z,0.7463,0.13243,0.69573,0.01225,0.58151,0.31607
64779fd3d814571ac5053f92,2023-03-29T00:00:00.648z,-0.98093,0.45115,-0.25031,-0.37966,-0.06332,-0.34154
64779fd3d814571ac5053f92,2023-03-29T00:00:00.648z,0.0834,0.96621,0.47762,-0.42559,0.39186,-0.04987
64779fd3d814571ac5053f92,2023-03-29T00:00:00.648z,0.65939,-0.67452,-0.19455,0.04821,0.52028,-0.23375
