64779fd3d814571ac5053f92,2023-07-09T00:00:00.868z,0.09944,-0.34696,0.77133,0.43886,-0.7519,0.50275
64779fd3d814571ac5053f92,2023-07-09T00:00:00.868z,-0.92972,-0.06005,0.73934,0.64016,0.17272,0.7374
64779fd3d814571ac5053f92,2023-07-09T00:00:00.868z,-0.62136,-0.06013,0.99628,-0.57183,0.02362,-0.74827
64779fd3d814571ac5053f92,2023-07-09T00:00:00.868z,0.26521,0.56475,0.1789,0.08521,-0.31184,-0.92676
64779fd3d814571ac5053f92,2023-07-09T00:00:00.868z,0.74681,0.5156,-0.80718,0.73313,0.78305,0.32927
64779fd3d814571ac5053f92,2023-07-09T00:00:00.868z,0.15779,0.21713,-0.97727,0.24687,-0.73488,-0.17514
64779fd3d814571ac5053f92,2023-07-09T00:00:00.868z,0.38589,0.76492,-0.59797,-0.27116,-0.46939,-0.36451
64779fd3d814571ac5053f92,2023-07-09T00:00:00.868z,-0.32963,-0.35614,-0.92245,0.15155,0.68941,-0.61112
64779fd3d814571ac5053f92,2023-07-09T00:00:00.868z,0.46387,-0.37049,-0.22141,0.68317,-0.06684,0.59315
64779fd3d814571ac5053f92,2023-07-09T00:00:00.868z,-0.11166,-0.74241,0.52548,0.44654,0.5198,0.5844
