64779fd1d814571ac5053f8d,2023-05-23T00:00:00.204z,0.86793,-0.7817,-0.50363,-0.95056,-0.87291,-0.57954
64779fd1d814571ac5053f8d,2023-05-23T00:00:00.204z,-0.00148,0.91154,-0.15733,-0.8559,0.47636,0.03953
64779fd1d814571ac5053f8d,2023-05-23T00:00:00.204z,-0.7678,0.91291,0.92241,0.75702,-0.0682,0.46225
64779fd1d814571ac5053f8d,2023-05-23T00:00:00.204z,0.72831,0.23649,-0.80447,-0.85807,0.83725,0.76485
64779fd1d814571ac5053f8d,2023-05-23T00:00:00.204z,0.08947,-0.24132,0.23085,-0.44486,-0.2252,-0.64708
64779fd1d814571ac5053f8d,2023-05-23T00:00:00.204z,0.49688,0.52612,0.92596,-0.5451,0.74941,0.40894
64779fd1d814571ac5053f8d,2023-05-23T00:00:00.204z,0.03844,-0.81894,0.4754,-0.80366,0.12379,0.25925
64779fd1d814571ac5053f8d,2023-05-23T00:00:00.204z,-0.26664,-0.01065,0.86123,-0.853,-0.33546,-0.38518
64779fd1d814571ac5053f8d,2023-05-23T00:00:00.204z,0.56536,0.28279,-0.8642,0.60509,0.6811,-0.19024
64779fd1d814571ac5053f8d,2023-05-23T00:00:00.204z,0.76478,0.09623,0.89041,-0.8863,0.53712,-0.19945
