64779fd3d814571ac5053f94,2023-07-03T00:00:00.390z,-0.34417,-0.94318,0.89764,0.11516,0.70202,0.10177
64779fd3d814571ac5053f94,2023-07-03T00:00:00.390z,-0.14135,-0.14809,0.01625,-0.46395,-0.00362,-0.48548
64779fd3d814571ac5053f94,2023-07-03T00:00:00.390z,-0.26763,0.26891,0.47917,-0.50063,-0.73045,0.77256
64779fd3d814571ac5053f94,2023-07-03T00:00:00.390z,-0.35251,-0.62963,0.91943,-0.99474,-0.56275,0.50991
64779fd3d814571ac5053f94,2023-07-03T00:00:00.390z,-0.44314,-0.72279,-0.71162,0.73739,-0.92444,0.62851
64779fd3d814571ac5053f94,2023-07-03T00:00:00.390z,0.3374,0.0732,0.06941,0.44169,0.05907,0.87751
64779fd3d814571ac5053f94,2023-07-03T00:00:00.390z,0.78888,-0.05799,0.77429,0.61295,0.81868,-0.96007
64779fd3d814571ac5053f94,2023-07-03T00:00:00.390z,-0.62658,-0.0231,0.05101,-0.58441,-0.32681,0.62791
64779fd3d814571ac5053f94,2023-07-03T00:00:00.390z,-0.97075,-0.76854,0.85194,-0.83805,0.52152,0.48918
64779fd3d814571ac5053f94,2023-07-03T00:00:00.390z,-0.17451,0.56018,0.61472,-0.28499,-0.13981,-0.67401
