64779fd3d814571ac5053f92,2023-04-17T00:00:00.291z,-0.38218,-0.74754,-0.31996,0.64501,-0.54754,0.07317
64779fd3d814571ac5053f92,2023-04-17T00:00:00.291z,0.17323,-0.09444,0.71562,-0.29553,0.27009,-0.41249
64779fd3d814571ac5053f92,2023-04-17T00:00:00.291z,0.27465,-0.01953,0.60918,0.30136,0.96384,0.21069
64779fd3d814571ac5053f92,2023-04-17T00:00:00.291z,-0.94649,0.34256,-0.89724,-0.96962,0.12163,-0.28778
64779fd3d814571ac5053f92,2023-04-17T00:00:00.291z,0.22921,-0.93506,-0.83865,0.5761,0.70306,-0.77944
64779fd3d814571ac5053f92,2023-04-17T00:00:00.291z,0.86641,0.05435,-0.93282,0.01729,-0.43781,0.0477
64779fd3d814571ac5053f92,2023-04-17T00:00:00.291z,0.9298,-0.00645,0.57221,0.51068,-0.67106,-0.43181
64779fd3d814571ac5053f92,2023-04-17T00:00:00.291z,0.63046,-0.51263,0.03335,0.34526,0.66558,-0.5801
64779fd3d814571ac5053f92,2023-04-17T00:00:00.291z,0.52625,0.71281,-0.19756,-0.53459,0.30609,0.42262
64779fd3d814571ac5053f92,2023-04-17T00:00:00.291z,-0.14164,-0.4664,-0.18884,0.4944,-0.48228,0.69495
