64779fd4d814571ac5053f95,2023-04-21T00:00:00.499z,0.66641,0.61422,-0.25981,-0.54842,0.72927,-0.04724
64779fd4d814571ac5053f95,2023-04-21T00:00:00.499z,-0.76655,0.09395,-0.67118,-0.84641,0.52605,-0.6852
64779fd4d814571ac5053f95,2023-04-21T00:00:00.499z,0.79964,0.50994,0.87473,0.68783,0.65357,-0.128
64779fd4d814571ac5053f95,2023-04-21T00:00:00.499z,0.12163,-0.03977,-0.22053,-0.05716,0.54702,0.49562
64779fd4d814571ac5053f95,2023-04-21T00:00:00.499z,-0.63749,0.22842,0.67839,-0.75666,0.35491,-0.41414
64779fd4d814571ac5053f95,2023-04-21T00:00:00.499z,-0.43123,0.12387,-0.36014,0.86637,0.81366,-0.11433
64779fd4d814571ac5053f95,2023-04-21T00:00:00.499z,0.10816,-0.87335,0.18156,-0.6363,-0.54566,-0.91902
64779fd4d814571ac5053f95,2023-04-21T00:00:00.499z,-0.18687,-0.01855,0.01791,0.61564,0.17726,-0.54613
64779fd4d814571ac5053f95,2023-04-21T00:00:00.499z,0.48436,0.56994,-0.84676,-0.0989,-0.60694,-0.41251
64779fd4d814571ac5053f95,2023-04-21T00:00:00.499z,-0.02247,0.72233,-0.86447,-0.94628,0.28036,-0.4355
