64779fd1d814571ac5053f8d,2023-04-15T00:00:00.430z,0.17899,-0.19013,-0.65481,0.47917,0.22082,0.23491
64779fd1d814571ac5053f8d,2023-04-15T00:00:00.430z,0.6178,0.04405,0.27612,-0.5406,0.0633,-0.21125
64779fd1d814571ac5053f8d,2023-04-15T00:00:00.430z,0.8144,-0.99088,-0.87188,-0.46946,-0.27164,0.79944
64779fd1d814571ac5053f8d,2023-04-15T00:00:00.430z,-0.36195,0.09966,-0.00543,0.04654,-0.87579,0.73251
64779fd1d814571ac5053f8d,2023-04-15T00:00:00.430z,-0.45973,0.53824,0.0178,0.19142,0.07258,-0.59388
64779fd1d814571ac5053f8d,2023-04-15T00:00:00.430z,-0.78271,-0.73382,-0.35206,-0.36225,0.08991,-0.79426
64779fd1d814571ac5053f8d,2023-04-15T00:00:00.430z,0.70665,-0.56764,-0.9863,-0.73608,-0.742,-0.83581
64779fd1d814571ac5053f8d,2023-04-15T00:00:00.430z,-0.66548,-0.30603,-0.94009,0.0366,0.23685,-0.5948
64779fd1d814571ac5053f8d,2023-04-15T00:00:00.430z,-0.19661,0.4371,-0.56195,0.55823,-0.75345,0.15843
64779fd1d814571ac5053f8d,2023-04-15T00:00:00.430z,-0.60474,0.05924,0.36981,-0.71887,0.9723,0.15994
