64779fd1d814571ac5053f8f,2023-06-14T00:00:00.305z,-0.26647,-0.82736,0.27991,0.53654,-0.73612,-0.71505
64779fd1d814571ac5053f8f,2023-06-14T00:00:00.305z,0.30696,0.96456,-0.82195,-0.87532,-0.18667,0.76395
64779fd1d814571ac5053f8f,2023-06-14T00:00:00.305z,-0.27036,-0.71894,0.28785,-0.87627,0.41083,-0.43764
64779fd1d814571ac5053f8f,2023-06-14T00:00:00.305z,0.49761,-0.05291,0.06503,0.5388,-0.51014,0.09376
64779fd1d814571ac5053f8f,2023-06-14T00:00:00.305z,0.49455,-0.38535,0.84436,-0.22418,-0.49235,0.67894
64779fd1d814571ac5053f8f,2023-06-14T00:00:00.305z,0.26639,-0.92925,0.18759,-0.60706,0.58397,0.29704
64779fd1d814571ac5053f8f,2023-06-14T00:00:00.305z,0.07163,-0.76415,0.4458,-0.84071,0.09878,-0.49574
64779fd1d814571ac5053f8f,2023-06-14T00:00:00.305z,-0.54196,-0.70435,0.13377,0.73929,0.85447,-0.01312
64779fd1d814571ac5053f8f,2023-06-14T00:00:00.305z,-0.56129,0.89104,0.36669,0.94209,0.5714,-0.78054
64779fd1d814571ac5053f8f,2023-06-14T00:00:00.305z,0.73777,0.56922,-0.49312,-0.26405,0.28042,0.49288
