64779fd2d814571ac5053f91,2023-03-02T00:00:00.044z,-0.6731,-0.39554,-0.2272,0.09106,-0.88633,-0.04972
64779fd2d814571ac5053f91,2023-03-02T00:00:00.044z,-0.44428,-0.92281,-0.72705,-0.2952,-0.25067,-0.76414
64779fd2d814571ac5053f91,2023-03-02T00:00:00.044z,-0.74475,0.45023,0.1294,0.06696,0.3208,0.94869
64779fd2d814571ac5053f91,2023-03-02T00:00:00.044z,0.81234,0.215,-0.68527,0.46701,0.58363,-0.9445
64779fd2d814571ac5053f91,2023-03-02T00:00:00.044z,0.62855,0.49699,0.51419,-0.74692,0.68333,-0.42435
64779fd2d814571ac5053f91,2023-03-02T00:00:00.044z,0.75282,0.2264,0.86177,0.80681,-0.33059,-0.97236
64779fd2d814571ac5053f91,2023-03-02T00:00:00.044z,-0.83414,0.85246,0.8347,0.60949,0.76509,0.15704
64779fd2d814571ac5053f91,2023-03-02T00:00:00.044z,-0.26872,-0.41221,-0.22526,-0.50543,-0.65629,0.53309
64779fd2d814571ac5053f91,2023-03-02T00:00:00.044z,-0.95135,-0.25376,0.55844,-0.94322,0.22457,0.91021
64779fd2d814571ac5053f91,2023-03-02T00:00:00.044z,0.24957,0.74003,0.13545,0.05529,-0.4028,0.31316
