64779fd1d814571ac5053f8c,2023-04-24T00:00:00.780z,0.39216,-0.28239,0.88197,0.9894,-0.26208,0.72903
64779fd1d814571ac5053f8c,2023-04-24T00:00:00.780z,0.44775,0.03352,-0.56217,0.09786,0.90512,0.52772
64779fd1d814571ac5053f8c,2023-04-24T00:00:00.780z,-0.67557,-0.54517,0.06107,-0.77082,0.23615,0.12859
64779fd1d814571ac5053f8c,2023-04-24T00:00:00.780z,-0.58336,0.132,0.84718,0.43883,0.03271,-0.4838
64779fd1d814571ac5053f8c,2023-04-24T00:00:00.780z,0.93182,0.84654,0.64312,0.55614,-0.59989,0.78049
64779fd1d814571ac5053f8c,2023-04-24T00:00:00.780z,0.46799,-0.53149,0.82797,-0.12669,0.40118,0.42726
64779fd1d814571ac5053f8c,2023-04-24T00:00:00.780z,-0.07305,-0.50536,-0.82165,0.04127,0.25762,-0.97717
64779fd1d814571ac5053f8c,2023-04-24T00:00:00.780z,-0.7818,-0.19026,0.33022,-0.03908,-0.76737,0.43045
64779fd1d814571ac5053f8c,2023-04-24T00:00:00.780z,-0.91276,0.07519,0.41491,-0.02396,-0.86978,-0.49588
64779fd1d814571ac5053f8c,2023-04-24T00:00:00.780z,-0.92656,-0.05344,0.45218,0.34256,0.93797,0.43399
