64779fd3d814571ac5053f92,2023-05-26T00:00:00.447z,0.16364,0.93836,-0.50807,0.82632,0.48554,0.66698
64779fd3d814571ac5053f92,2023-05-26T00:00:00.447z,-0.33744,0.76935,-0.02976,-0.4174,0.39201,0.12045
64779fd3d814571ac5053f92,2023-05-26T00:00:00.447z,-0.56545,0.62804,0.37073,-0.53911,-0.93704,0.86705
64779fd3d814571ac5053f92,2023-05-26T00:00:00.447z,-0.0526,-0.186,0.60676,0.67076,-0.38263,-0.33932
64779fd3d814571ac5053f92,2023-05-26T00:00:00.447z,-0.99231,-0.20921,-0.41649,-0.09339,-0.69228,-0.1686
64779fd3d814571ac5053f92,2023-05-26T00:00:00.447z,-0.45268,-0.62984,-0.36955,0.43938,-0.39539,0.5004
64779fd3d814571ac5053f92,2023-05-26T00:00:00.447z,-0.37831,-0.65712,-0.77867,-0.36798,-0.44902,-0.89204
64779fd3d814571ac5053f92,2023-05-26T00:00:00.447z,-0.31006,-0.51829,-0.64735,-0.73435,-0.96136,-0.124
64779fd3d814571ac5053f92,2023-05-26T00:00:00.447z,0.62847,0.38497,0.59294,-0.27568,-0.99249,-0.3317
64779fd3d814571ac5053f92,2023-05-26T00:00:00.447z,0.72428,-0.50424,-0.60704,-0.55368,0.91758,0.5247
