64779fd2d814571ac5053f91,2023-05-14T00:00:00.873z,0.01069,0.25025,-0.13163,-0.60667,-0.3858,-0.59386
64779fd2d814571ac5053f91,2023-05-14T00:00:00.873z,0.7424,0.42781,-0.80488,0.32213,-0.93487,0.50145
64779fd2d814571ac5053f91,2023-05-14T00:00:00.873z,-0.02002,0.68141,-0.30257,0.76168,-0.60346,0.08986
64779fd2d814571ac5053f91,2023-05-14T00:00:00.873z,-0.82961,-0.05986,0.93938,0.08017,0.98701,0.85294
64779fd2d814571ac5053f91,2023-05-14T00:00:00.873z,-0.92642,-0.57333,0.06622,-0.74919,0.63942,-0.95305
64779fd2d814571ac5053f91,2023-05-14T00:00:00.873z,-0.87073,0.2474,0.96997,0.70682,-0.81355,-0.21235
64779fd2d814571ac5053f91,2023-05-14T00:00:00.873z,0.82403,0.93511,0.30417,0.66334,0.72169,0.14216
64779fd2d814571ac5053f91,2023-05-14T00:00:00.873z,-0.98537,-0.64475,0.87579,0.34481,-0.94897,-0.83179
64779fd2d814571ac5053f91,2023-05-14T00:00:00.873z,-0.1053,-0.6444,0.19166,0.71105,0.9807,0.10049
64779fd2d814571ac5053f91,2023-05-14T00:00:00.873z,-0.95876,0.88762,-0.49273,0.9303,-0.08746,-0.28744
