64779fd4d814571ac5053f95,2023-04-29T00:00:00.863z,0.74826,0.65485,0.81713,0.81632,0.55649,-0.20026
64779fd4d814571ac5053f95,2023-04-29T00:00:00.863z,-0.01845,0.93574,-0.68484,0.13618,0.46847,0.30095
64779fd4d814571ac5053f95,2023-04-29T00:00:00.863z,0.84916,-0.61836,-0.20494,-0.62284,0.17757,-0.79451
64779fd4d814571ac5053f95,2023-04-29T00:00:00.863z,0.57853,-0.2607,0.6715,-0.59094,0.50983,-0.55268
64779fd4d814571ac5053f95,2023-04-29T00:00:00.863z,0.06236,0.71797,0.41661,0.94162,0.49785,-0.94823
64779fd4d814571ac5053f95,2023-04-29T00:00:00.863z,-0.67496,-0.52689,-0.66333,0.56437,-0.36627,0.98169
64779fd4d814571ac5053f95,2023-04-29T00:00:00.863z,-0.42803,-0.27228,-0.80763,0.06969,0.08151,0.47321
64779fd4d814571ac5053f95,2023-04-29T00:00:00.863z,-0.19574,-0.49964,-0.47601,-0.8044,0.07666,0.06452
64779fd4d814571ac5053f95,2023-04-29T00:00:00.863z,-0.85072,0.92228,0.51618,0.92221,-0.89225,-0.06909
64779fd4d814571ac5053f95,2023-04-29T00:00:00.863z,0.93172,-0.95188,-0.37332,0.45176,-0.71152,-0.39959
