64779fd3d814571ac5053f92,2023-05-01T00:00:00.091z,0.45708,-0.3735,0.98689,-0.9097,-0.26302,0.56857
64779fd3d814571ac5053f92,2023-05-01T00:00:00.091z,0.54428,0.29949,0.26313,-0.31486,-0.77199,0.5041
64779fd3d814571ac5053f92,2023-05-01T00:00:00.091z,0.28619,-0.24771,-0.09433,0.077,0.20696,-0.2883
64779fd3d814571ac5053f92,2023-05-01T00:00:00.091z,-0.07233,0.8373,-0.91297,-0.82334,-0.29941,-0.21251
64779fd3d814571ac5053f92,2023-05-01T00:00:00.091z,-0.20834,-0.3941,-0.05628,-0.82367,-0.70755,-0.11544
64779fd3d814571ac5053f92,2023-05-01T00:00:00.091z,-0.41233,-0.92936,0.29608,0.40671,-0.64782,0.25713
64779fd3d814571ac5053f92,2023-05-01T00:00:00.091z,0.4505,-0.81944,-0.20382,-0.82892,0.35166,-0.38772
64779fd3d814571ac5053f92,2023-05-01T00:00:00.091z,-0.8682,0.01708,-0.66366,0.16231,-0.22531,0.52738
64779fd3d814571ac5053f92,2023-05-01T00:00:00.091z,-0.61347,0.23606,0.16592,0.82614,0.91347,0.56555
64779fd3d814571ac5053f92,2023-05-01T00:00:00.091z,-0.40455,0.83804,0.00676,0.18004,-0.95662,-0.61991
