64779fd1d814571ac5053f8c,2023-03-30T00:00:00.638z,-0.42648,-0.21795,-0.59041,0.53828,-0.59509,0.13158
64779fd1d814571ac5053f8c,2023-03-30T00:00:00.638z,-0.20883,0.80361,-0.95514,-0.28237,-0.09477,0.1853
64779fd1d814571ac5053f8c,2023-03-30T00:00:00.638z,0.96169,-0.29128,0.92862,-0.81635,0.72079,0.9058
64779fd1d814571ac5053f8c,2023-03-30T00:00:00.638z,0.45105,0.99964,-0.14759,-0.17087,0.19496,0.167
64779fd1d814571ac5053f8c,2023-03-30T00:00:00.638z,0.47783,0.45672,-0.79356,0.8835,-0.35866,0.61717
64779fd1d814571ac5053f8c,2023-03-30T00:00:00.638z,-0.07921,0.0999,-0.97296,0.79852,0.20169,0.6467
64779fd1d814571ac5053f8c,2023-03-30T00:00:00.638z,0.76144,0.78788,0.59489,0.22933,-0.08956,0.10455
64779fd1d814571ac5053f8c,2023-03-30T00:00:00.638z,-0.90505,-0.69249,0.27115,-0.85407,0.41906,-0.66724
64779fd1d814571ac5053f8c,2023-03-30T00:00:00.638z,-0.6526,-0.3883,0.57938,-0.92738,0.37937,-0.90543
64779fd1d814571ac5053f8c,2023-03-30T00:00:00.638z,0.34711,-0.55801,-0.44016,-0.05562,-0.55395,-0.19271
