64779fd1d814571ac5053f8d,2023-07-23T00:00:00.349z,0.91943,-0.50401,0.4107,0.76922,0.9756,-0.90453
64779fd1d814571ac5053f8d,2023-07-23T00:00:00.349z,0.57401,0.29103,0.30866,0.91641,-0.89472,0.76569
64779fd1d814571ac5053f8d,2023-07-23T00:00:00.349z,-0.44903,-0.17961,0.27105,0.17402,0.74297,0.16808
64779fd1d814571ac5053f8d,2023-07-23T00:00:00.349z,-0.96316,-0.15396,-0.56839,-0.65437,-0.60282,0.82709
64779fd1d814571ac5053f8d,2023-07-23T00:00:00.349z,0.1961,0.52206,-0.90272,-0.92636,-0.13712,0.22151
64779fd1d814571ac5053f8d,2023-07-23T00:00:00.349z,0.63153,0.42415,0.6554,-0.88994,0.1135,-0.75725
64779fd1d814571ac5053f8d,2023-07-23T00:00:00.349z,-0.70849,-0.00168,-0.00661,-0.79766,0.33847,0.74692
64779fd1d814571ac5053f8d,2023-07-23T00:00:00.349z,0.67122,0.90649,-0.176,0.63016,0.9526,-0.2807
64779fd1d814571ac5053f8d,2023-07-23T00:00:00.349z,0.86798,0.98579,-0.07386,-0.47441,-0.71374,0.38914
64779fd1d814571ac5053f8d,2023-07-23T00:00:00.349z,0.05429,0.47974,0.99857,-0.53135,0.56546,0.61369
