64779fd1d814571ac5053f8f,2023-04-04T00:00:00.547z,-0.20965,-0.7023,-0.30588,0.83883,-0.53316,-0.02582
64779fd1d814571ac5053f8f,2023-04-04T00:00:00.547z,0.92153,0.7582,0.99267,-0.96839,-0.94728,-0.24542
64779fd1d814571ac5053f8f,2023-04-04T00:00:00.547z,-0.58399,0.79931,-0.75866,0.20255,-0.37338,-0.60819
64779fd1d814571ac5053f8f,2023-04-04T00:00:00.547z,0.95068,0.82928,0.6006,-0.96183,0.7579,0.6466
64779fd1d814571ac5053f8f,2023-04-04T00:00:00.547z,-0.77808,-0.68805,-0.79318,0.7655,-0.37466,-0.25967
64779fd1d814571ac5053f8f,2023-04-04T00:00:00.547z,-0.98453,-0.28643,-0.1147,0.49984,0.63863,-0.17055
64779fd1d814571ac5053f8f,2023-04-04T00:00:00.547z,-0.03112,-0.50965,0.00077,0.60619,0.76643,0.81572
64779fd1d814571ac5053f8f,2023-04-04T00:00:00.547z,0.71949,0.28519,0.11757,0.79383,-0.29487,-0.89865
64779fd1d814571ac5053f8f,2023-04-04T00:00:00.547z,0.25563,-0.41595,-0.96394,-0.23377,-0.55209,-0.66422
64779fd1d814571ac5053f8f,2023-04-04T00:00:00.547z,0.24467,-0.07912,-0.66139,0.87723,-0.76155,-0.14781
