64779fd2d814571ac5053f91,2023-03-25T00:00:00.575z,-0.20954,0.36462,0.48042,-0.39434,-0.29824,0.54647
64779fd2d814571ac5053f91,2023-03-25T00:00:00.575z,-0.26332,-0.5434,0.79206,0.68351,0.9805,0.34416
64779fd2d814571ac5053f91,2023-03-25T00:00:00.575z,0.85184,0.87219,-0.42161,0.12737,0.16085,-0.55206
64779fd2d814571ac5053f91,2023-03-25T00:00:00.575z,0.73102,0.62834,0.22882,-0.98069,-0.87744,-0.10156
64779fd2d814571ac5053f91,2023-03-25T00:00:00.575z,0.75416,-0.76067,0.71173,0.76608,0.59253,0.80561
64779fd2d814571ac5053f91,2023-03-25T00:00:00.575z,-0.31079,-0.9108,0.48259,0.86483,-0.06851,0.07593
64779fd2d814571ac5053f91,2023-03-25T00:00:00.575z,0.61534,-0.53329,-0.81925,0.44454,-0.91834,0.21333
64779fd2d814571ac5053f91,2023-03-25T00:00:00.575z,-0.2499,0.79222,-0.72181,0.72733,-0.00075,0.26749
64779fd2d814571ac5053f91,2023-03-25T00:00:00.575z,0.11387,0.00489,0.00477,0.88291,0.25066,0.38256
64779fd2d814571ac5053f91,2023-03-25T00:00:00.575z,0.07021,-0.15803,0.7434,0.91188,0.87777,0.03114
