64779fd3d814571ac5053f94,2023-07-01T00:00:00.492z,-0.26196,-0.29976,-0.38417,-0.78665,-0.50895,0.60721
64779fd3d814571ac5053f94,2023-07-01T00:00:00.492z,0.69895,0.51733,-0.96947,-0.15641,-0.88938,-0.42934
64779fd3d814571ac5053f94,2023-07-01T00:00:00.492z,-0.91172,-0.39494,-0.46595,0.4892,0.40292,0.94653
64779fd3d814571ac5053f94,2023-07-01T00:00:00.492z,0.91179,0.57254,0.0559,-0.54431,-0.95703,0.58095
64779fd3d814571ac5053f94,2023-07-01T00:00:00.492z,-0.13521,0.91257,-0.53397,0.41982,0.31257,0.80707
64779fd3d814571ac5053f94,2023-07-01T00:00:00.492z,0.76127,0.69823,-0.08996,-0.15313,0.02439,0.18137
64779fd3d814571ac5053f94,2023-07-01T00:00:00.492z,-0.05414,-0.51423,-0.14535,-0.95025,-0.75429,0.30738
64779fd3d814571ac5053f94,2023-07-01T00:00:00.492z,0.54696,-0.84112,0.07334,-0.6759,0.13705,0.88691
64779fd3d814571ac5053f94,2023-07-01T00:00:00.492z,0.3683,-0.12266,0.14599,0.28723,-0.06779,-0.71235
64779fd3d814571ac5053f94,2023-07-01T00:00:00.492z,0.6306,0.53023,0.77046,0.47751,0.84471,-0.51716
