64779fd3d814571ac5053f92,2023-03-20T00:00:00.091z,0.47787,0.19601,0.26998,-0.76,0.41535,0.27823
64779fd3d814571ac5053f92,2023-03-20T00:00:00.091z,-0.75052,0.77744,-0.30198,0.98158,0.32447,-0.97988
64779fd3d814571ac5053f92,2023-03-20T00:00:00.091z,0.68235,-0.18907,0.14719,-0.91373,-0.65358,0.51975
64779fd3d814571ac5053f92,2023-03-20T00:00:00.091z,-0.65318,0.35798,-0.42171,0.53204,0.06443,0.7515
64779fd3d814571ac5053f92,2023-03-20T00:00:00.091z,-0.54776,0.68995,-0.75628,0.3827,0.2417,-0.755
64779fd3d814571ac5053f92,2023-03-20T00:00:00.091z,-0.05011,0.0007,0.98098,0.17935,-0.86471,-0.4956
64779fd3d814571ac5053f92,2023-03-20T00:00:00.091z,0.41041,0.05367,0.18951,-0.71961,0.14012,0.20501
64779fd3d814571ac5053f92,2023-03-20T00:00:00.091z,0.62633,-0.28357,0.20708,0.50558,0.02142,-0.94897
64779fd3d814571ac5053f92,2023-03-20T00:00:00.091z,-0.65072,0.8827,0.05892,0.6435,0.14543,0.18496
64779fd3d814571ac5053f92,2023-03-20T00:00:00.091z,0.03794,-0.02141,0.55149,0.12207,0.78892,0.96851
