64779fd3d814571ac5053f93,2023-04-03T00:00:00.013z,0.21718,0.16045,-0.21198,-0.7393,0.54901,-0.04182
64779fd3d814571ac5053f93,2023-04-03T00:00:00.013z,-0.3618,-0.99472,0.28575,-0.66313,0.28193,0.31016
64779fd3d814571ac5053f93,2023-04-03T00:00:00.013z,-0.04595,-0.15478,-0.89789,-0.22134,0.6152,0.18857
64779fd3d814571ac5053f93,2023-04-03T00:00:00.013z,0.64399,-0.91471,0.2251,0.67826,-0.85379,0.73678
64779fd3d814571ac5053f93,2023-04-03T00:00:00.013z,-0.86382,0.92094,-0.82819,-0.89129,-0.42747,-0.12973
64779fd3d814571ac5053f93,2023-04-03T00:00:00.013z,0.26891,-0.83829,-0.44972,0.25713,0.04485,-0.15207
64779fd3d814571ac5053f93,2023-04-03T00:00:00.013z,0.44609,-0.10925,0.54298,-0.46998,-0.07922,0.39839
64779fd3d814571ac5053f93,2023-04-03T00:00:00.013z,0.21659,0.30706,0.85035,-0.60091,0.19908,0.09583
64779fd3d814571ac5053f93,2023-04-03T00:00:00.013z,0.16626,-0.2541,-0.45582,-0.83634,0.2175,-0.91067
64779fd3d814571ac5053f93,2023-04-03T00:00:00.013z,-0.88887,0.65334,0.60053,-0.86081,-0.91907,-0.53744
