64779fd2d814571ac5053f91,2023-03-29T00:00:00.874z,-0.17927,-0.62879,-0.88977,-0.57722,-0.485,-0.14889
64779fd2d814571ac5053f91,2023-03-29T00:00:00.874z,0.02025,-0.70924,0.68967,-0.81538,-0.42123,-0.0704
64779fd2d814571ac5053f91,2023-03-29T00:00:00.874z,0.35397,-0.4719,-0.57234,0.10011,-0.87568,-0.00889
64779fd2d814571ac5053f91,2023-03-29T00:00:00.874z,-0.43314,0.12375,0.92001,-0.24675,-0.8595,-0.49764
64779fd2d814571ac5053f91,2023-03-29T00:00:00.874z,0.26208,-0.88496,0.21946,-0.30305,-0.18824,0.74643
64779fd2d814571ac5053f91,2023-03-29T00:00:00.874z,0.02979,0.09286,-0.16294,-0.48067,0.00247,0.23596
64779fd2d814571ac5053f91,2023-03-29T00:00:00.874z,-0.41389,0.26202,-0.71819,-0.61398,-0.28751,-0.98469
64779fd2d814571ac5053f91,2023-03-29T00:00:00.874z,-0.89324,0.22686,0.85878,0.07228,-0.93315,0.16186
64779fd2d814571ac5053f91,2023-03-29T00:00:00.874z,0.04206,0.77971,0.73111,-0.38769,0.34263,0.33573
64779fd2d814571ac5053f91,2023-03-29T00:00:00.874z,0.92915,-0.9496,0.2929,-0.89782,0.40062,0.64967
