64779fd3d814571ac5053f92,2023-04-06T00:00:00.223z,-0.74248,-0.31796,0.2518,-0.06435,0.12053,-0.54942
64779fd3d814571ac5053f92,2023-04-06T00:00:00.223z,0.77644,-0.29004,-0.53788,-0.10383,0.97122,0.75254
64779fd3d814571ac5053f92,2023-04-06T00:00:00.223z,-0.42016,0.2792,0.98535,0.28613,0.0442,-0.24127
64779fd3d814571ac5053f92,2023-04-06T00:00:00.223z,0.32367,0.14055,0.93151,-0.45458,0.56281,0.51448
64779fd3d814571ac5053f92,2023-04-06T00:00:00.223z,-0.26283,0.44627,0.57208,-0.89809,-0.83971,0.80791
64779fd3d814571ac5053f92,2023-04-06T00:00:00.223z,0.13812,0.63846,0.0505,0.66114,0.05017,0.98819
64779fd3d814571ac5053f92,2023-04-06T00:00:00.223z,0.02152,-0.05382,0.4679,0.60163,-0.70041,0.53418
64779fd3d814571ac5053f92,2023-04-06T00:00:00.223z,0.39092,-0.83944,-0.75291,-0.12275,-0.03711,0.08999
64779fd3d814571ac5053f92,2023-04-06T00:00:00.223z,-0.7435,0.04028,0.70635,0.51792,-0.98563,0.74002
64779fd3d814571ac5053f92,2023-04-06T00:00:00.223z,0.49042,-0.97234,-0.59264,-0.7996,-0.23467,0.90889
