64779fd1d814571ac5053f8e,2023-07-04T00:00:00.131z,-0.25835,-0.55582,0.97504,0.75744,-0.88937,-0.9381
64779fd1d814571ac5053f8e,2023-07-04T00:00:00.131z,-0.95671,-0.41001,-0.10667,0.15558,0.5311,0.24997
64779fd1d814571ac5053f8e,2023-07-04T00:00:00.131z,-0.66127,-0.17305,-0.41252,-0.50549,0.56382,0.55363
64779fd1d814571ac5053f8e,2023-07-04T00:00:00.131z,-0.27881,0.12599,0.83616,0.67821,0.03789,0.8323
64779fd1d814571ac5053f8e,2023-07-04T00:00:00.131z,-0.29545,-0.8291,-0.21497,0.34337,0.99299,0.01918
64779fd1d814571ac5053f8e,2023-07-04T00:00:00.131z,-0.44003,-0.08079,-0.25939,-0.52094,0.9039,0.27928
64779fd1d814571ac5053f8e,2023-07-04T00:00:00.131z,0.14888,0.47534,-0.79321,-0.94729,0.44721,-0.49653
64779fd1d814571ac5053f8e,2023-07-04T00:00:00.131z,0.51423,-0.68979,0.91597,0.73673,0.75375,0.70741
64779fd1d814571ac5053f8e,2023-07-04T00:00:00.131z,0.6773,0.05807,0.19664,-0.21025,0.66783,0.68404
64779fd1d814571ac5053f8e,2023-07-04T00:00:00.131z,-0.35322,-0.56551,0.04954,-0.12914,0.89724,-0.79554
