64779fd4d814571ac5053f95,2023-03-31T00:00:00.997z,-0.84818,0.444,-0.08403,0.40759,0.59952,-0.57782
64779fd4d814571ac5053f95,2023-03-31T00:00:00.997z,0.08471,0.4942,0.63954,-0.41167,0.66511,0.39779
64779fd4d814571ac5053f95,2023-03-31T00:00:00.997z,0.39878,0.46303,-0.58257,-0.54156,-0.66491,0.06412
64779fd4d814571ac5053f95,2023-03-31T00:00:00.997z,0.93748,-0.97855,0.05589,0.12567,0.94411,0.67638
64779fd4d814571ac5053f95,2023-03-31T00:00:00.997z,0.31718,-0.40108,-0.63968,-0.43562,-0.02187,-0.75864
64779fd4d814571ac5053f95,2023-03-31T00:00:00.997z,-0.12012,-0.8911,-0.58431,0.41937,-0.96038,-0.25651
64779fd4d814571ac5053f95,2023-03-31T00:00:00.997z,-0.34062,0.33837,0.3689,0.51293,0.74769,0.56138
64779fd4d814571ac5053f95,2023-03-31T00:00:00.997z,-0.54775,0.62231,0.66985,-0.57869,-0.36726,0.72691
64779fd4d814571ac5053f95,2023-03-31T00:00:00.997z,0.2991,-0.08383,0.40014,0.59982,0.6792,0.00907
64779fd4d814571ac5053f95,2023-03-31T00:00:00.997z,0.72076,0.77061,0.18797,-0.76809,0.80142,0.1985
