64779fd1d814571ac5053f8e,2023-06-14T00:00:00.604z,0.51326,-0.59354,0.1178,0.56644,-0.64134,0.05691
64779fd1d814571ac5053f8e,2023-06-14T00:00:00.604z,-0.93782,-0.31741,-0.03835,0.51614,0.77173,-0.33633
64779fd1d814571ac5053f8e,2023-06-14T00:00:00.604z,-0.50144,0.18453,-0.50271,0.3547,0.1536,0.94692
64779fd1d814571ac5053f8e,2023-06-14T00:00:00.604z,0.74238,-0.8167,0.01108,-0.96492,-0.48481,0.38521
64779fd1d814571ac5053f8e,2023-06-14T00:00:00.604z,0.8809,-0.36336,-0.34168,0.82057,-0.50367,-0.78764
64779fd1d814571ac5053f8e,2023-06-14T00:00:00.604z,-0.36778,-0.25553,0.18154,-0.56593,0.36711,-0.75727
64779fd1d814571ac5053f8e,2023-06-14T00:00:00.604z,0.51789,0.00736,0.52744,0.41192,-0.80204,-0.12582
64779fd1d814571ac5053f8e,2023-06-14T00:00:00.604z,0.95156,0.34533,-0.64352,0.11377,0.76896,0.02271
64779fd1d814571ac5053f8e,2023-06-14T00:00:00.604z,-0.97353,0.82407,0.40971,0.24355,-0.05385,-0.06893
64779fd1d814571ac5053f8e,2023-06-14T00:00:00.604z,0.69736,-0.91157,0.55512,0.67355,-0.86512,-0.99565
