64779fd1d814571ac5053f8e,2023-04-15T00:00:00.272z,0.24803,0.30895,0.63617,-0.51818,-0.62866,0.77825
64779fd1d814571ac5053f8e,2023-04-15T00:00:00.272z,-0.40316,0.04982,0.28884,0.61333,0.80255,0.93146
64779fd1d814571ac5053f8e,2023-04-15T00:00:00.272z,-0.72617,0.31388,-0.61666,0.29489,-0.35419,0.02187
64779fd1d814571ac5053f8e,2023-04-15T00:00:00.272z,0.99831,0.67832,0.23061,0.30175,0.52965,0.096
64779fd1d814571ac5053f8e,2023-04-15T00:00:00.272z,-0.11971,-0.52549,-0.06891,-0.7235,-0.6102,0.67896
64779fd1d814571ac5053f8e,2023-04-15T00:00:00.272z,0.25141,0.80625,0.57573,-0.21094,-0.50242,0.04909
64779fd1d814571ac5053f8e,2023-04-15T00:00:00.272z,0.82068,-0.56048,-0.274,0.608,-0.8435,-0.15008
64779fd1d814571ac5053f8e,2023-04-15T00:00:00.272z,0.4508,-0.83208,-0.73058,-0.79703,0.59872,0.2615
64779fd1d814571ac5053f8e,2023-04-15T00:00:00.272z,-0.4163,-0.91463,-0.17034,-0.18145,0.27219,0.68197
64779fd1d814571ac5053f8e,2023-04-15T00:00:00.272z,-0.73865,0.31388,0.42011,-0.97441,-0.62837,-0.31853
