64779fd1d814571ac5053f8d,2023-07-27T00:00:00.126z,-0.26563,-0.8518,-0.31745,0.46503,0.44548,0.28509
64779fd1d814571ac5053f8d,2023-07-27T00:00:00.126z,0.14587,0.56074,0.57573,-0.20592,-0.70012,0.43036
64779fd1d814571ac5053f8d,2023-07-27T00:00:00.126z,-0.82054,0.99637,-0.52868,-0.26274,0.24017,-0.14593
64779fd1d814571ac5053f8d,2023-07-27T00:00:00.126z,-0.89544,-0.00117,-0.78684,-0.00102,0.06406,-0.2894
64779fd1d814571ac5053f8d,2023-07-27T00:00:00.126z,-0.66191,-0.23983,-0.25991,0.9238,-0.79075,-0.64924
64779fd1d814571ac5053f8d,2023-07-27T00:00:00.126z,-0.0391,0.79737,0.85466,-0.42037,0.63462,0.74908
64779fd1d814571ac5053f8d,2023-07-27T00:00:00.126z,0.02704,0.31998,0.42633,-0.79441,-0.03044,-0.78418
64779fd1d814571ac5053f8d,2023-07-27T00:00:00.126z,-0.86683,0.07293,0.09811,0.4302,0.06389,0.34446
64779fd1d814571ac5053f8d,2023-07-27T00:00:00.126z,0.57264,0.92508,-0.10252,0.64153,0.57128,0.90778
64779fd1d814571ac5053f8d,2023-07-27T00:00:00.126z,-0.91154,-0.28172,-0.48329,0.76061,0.52292,-0.49302
