64779fd1d814571ac5053f8f,2023-06-15T00:00:00.008z,-0.00581,-0.93182,0.16856,-0.50532,0.04305,0.76399
64779fd1d814571ac5053f8f,2023-06-15T00:00:00.008z,-0.3655,0.42847,0.12314,0.61906,-0.29419,-0.2354
64779fd1d814571ac5053f8f,2023-06-15T00:00:00.008z,0.01828,-0.32044,-0.40444,-0.87312,-0.97235,-0.11615
64779fd1d814571ac5053f8f,2023-06-15T00:00:00.008z,-0.4774,-0.24174,-0.71797,-0.89992,0.9063,-0.85369
64779fd1d814571ac5053f8f,2023-06-15T00:00:00.008z,-0.31289,-0.27518,-0.01743,-0.0037,-0.56699,0.4059
64779fd1d814571ac5053f8f,2023-06-15T00:00:00.008z,0.62815,0.51502,-0.96388,0.37932,0.33537,-0.05636
64779fd1d814571ac5053f8f,2023-06-15T00:00:00.008z,0.66031,0.55555,-0.40544,0.84525,0.13726,0.00446
64779fd1d814571ac5053f8f,2023-06-15T00:00:00.008z,-0.05744,0.84082,-0.50706,0.48785,-0.51724,0.54511
64779fd1d814571ac5053f8f,2023-06-15T00:00:00.008z,-0.80223,-0.71883,0.50079,0.02179,0.08642,0.45831
64779fd1d814571ac5053f8f,2023-06-15T00:00:00.008z,-0.39544,-0.49359,0.18985,-0.30069,0.92683,0.32153
