64779fd2d814571ac5053f91,2023-03-03T00:00:00.580z,-0.29493,-0.79549,-0.99151,0.22091,0.76038,0.79433
64779fd2d814571ac5053f91,2023-03-03T00:00:00.580z,0.96466,0.81245,-0.15699,0.66741,-0.43583,0.92364
64779fd2d814571ac5053f91,2023-03-03T00:00:00.580z,0.3472,-0.39173,0.0429,-0.05032,0.27256,0.05149
64779fd2d814571ac5053f91,2023-03-03T00:00:00.580z,0.2485,0.5868,0.30957,0.4289,-0.83968,-0.10115
64779fd2d814571ac5053f91,2023-03-03T00:00:00.580z,0.90874,-0.47144,0.89665,-0.48121,0.46031,0.67436
64779fd2d814571ac5053f91,2023-03-03T00:00:00.580z,0.14854,0.46264,0.13326,-0.31546,0.07458,-0.82317
64779fd2d814571ac5053f91,2023-03-03T00:00:00.580z,-0.64043,0.23569,0.61803,-0.78104,0.99968,0.02154
64779fd2d814571ac5053f91,2023-03-03T00:00:00.580z,0.16775,0.98179,-0.19248,-0.05379,-0.05719,-0.81205
64779fd2d814571ac5053f91,2023-03-03T00:00:00.580z,0.99926,-0.94704,0.28701,-0.3794,0.04126,-0.56204
64779fd2d814571ac5053f91,2023-03-03T00:00:00.580z,0.44973,0.47579,-0.50535,-0.28383,-0.54136,0.24421
