64779fd4d814571ac5053f95,2023-06-29T00:00:00.474z,-0.98734,-0.38194,0.77034,0.2786,-0.66474,-0.90606
64779fd4d814571ac5053f95,2023-06-29T00:00:00.474z,-0.15799,0.90236,0.10355,0.80144,0.56397,-0.597
64779fd4d814571ac5053f95,2023-06-29T00:00:00.474z,0.26616,-0.16832,-0.84675,-0.1494,-0.39717,0.16588
64779fd4d814571ac5053f95,2023-06-29T00:00:00.474z,-0.96635,-0.32928,-0.64013,0.90717,0.70505,0.82328
64779fd4d814571ac5053f95,2023-06-29T00:00:00.474z,-0.63388,-0.22966,-0.46937,-0.86199,-0.90215,-0.50066
64779fd4d814571ac5053f95,2023-06-29T00:00:00.474z,0.42494,0.89096,-0.0328,-0.38564,-0.32856,-0.52504
64779fd4d814571ac5053f95,2023-06-29T00:00:00.474z,-0.77498,0.70067,0.09969,-0.12936,-0.18822,-0.25129
64779fd4d814571ac5053f95,2023-06-29T00:00:00.474z,-0.02124,0.82117,0.68259,-0.80874,0.44095,-0.32041
64779fd4d814571ac5053f95,2023-06-29T00:00:00.474z,0.38273,-0.94482,0.54066,0.47108,0.76404,0.05915
64779fd4d814571ac5053f95,2023-06-29T00:00:00.474z,0.94395,-0.94431,-0.52223,0.4998,0.2205,0.41954
