64779fd1d814571ac5053f8e,2023-07-15T00:00:00.278z,-0.34801,-0.74589,0.38577,-0.98384,-0.22662,-0.46768
64779fd1d814571ac5053f8e,2023-07-15T00:00:00.278z,0.4664,0.08803,0.05833,0.85703,0.09391,-0.75852
64779fd1d814571ac5053f8e,2023-07-15T00:00:00.278z,0.17737,-0.9714,0.28913,0.59615,-0.36297,0.11953
64779fd1d814571ac5053f8e,2023-07-15T00:00:00.278z,-0.28532,-0.86593,0.46609,0.78149,-0.41692,-0.3808
64779fd1d814571ac5053f8e,2023-07-15T00:00:00.278z,-0.19991,0.10253,-0.59835,0.82873,-0.37071,-0.41809
64779fd1d814571ac5053f8e,2023-07-15T00:00:00.278z,-0.56202,-0.9299,-0.46342,-0.59313,0.79548,0.80904
64779fd1d814571ac5053f8e,2023-07-15T00:00:00.278z,-0.82911,0.71621,-0.12973,-0.33167,-0.13823,0.17835
64779fd1d814571ac5053f8e,2023-07-15T00:00:00.278z,-0.83028,0.67911,0.17086,0.06045,0.51931,0.13463
64779fd1d814571ac5053f8e,2023-07-15T00:00:00.278z,-0.45872,0.33827,0.59182,-0.62336,-0.3496,-0.81984
64779fd1d814571ac5053f8e,2023-07-15T00:00:00.278z,0.03333,-0.3007,-0.59751,-0.22052,0.26987,0.11127
