64779fd1d814571ac5053f8e,2023-06-13T00:00:00.613z,0.73976,0.70993,0.70575,-0.38748,0.77065,-0.52544
64779fd1d814571ac5053f8e,2023-06-13T00:00:00.613z,0.7732,0.21883,0.05093,0.49212,-0.44319,-0.99905
64779fd1d814571ac5053f8e,2023-06-13T00:00:00.613z,-0.4217,0.40823,-0.174,-0.94193,0.35122,0.51337
64779fd1d814571ac5053f8e,2023-06-13T00:00:00.613z,0.1258,0.02872,0.60472,-0.16775,0.95679,-0.9721
64779fd1d814571ac5053f8e,2023-06-13T00:00:00.613z,-0.26409,-0.45954,-0.20579,-0.90666,-0.54515,-0.90273
64779fd1d814571ac5053f8e,2023-06-13T00:00:00.613z,-0.65427,-0.03875,-0.67032,-0.28959,0.80641,0.32449
64779fd1d814571ac5053f8e,2023-06-13T00:00:00.613z,0.53317,-0.20957,-0.92824,0.45312,-0.35563,0.24546
64779fd1d814571ac5053f8e,2023-06-13T00:00:00.613z,0.59766,0.89976,0.1082,-0.57425,-0.94132,0.03067
64779fd1d814571ac5053f8e,2023-06-13T00:00:00.613z,0.11076,0.80754,-0.66063,-0.58677,-0.62951,-0.5863
64779fd1d814571ac5053f8e,2023-06-13T00:00:00.613z,-0.69227,-0.73642,0.78018,0.82728,-0.45326,0.65161
