64779fd4d814571ac5053f95,2023-04-20T00:00:00.117z,-0.79424,0.33191,0.75904,0.79962,0.99098,-0.00591
64779fd4d814571ac5053f95,2023-04-20T00:00:00.117z,-0.72404,-0.91078,-0.10814,-0.15723,0.5228,-0.86092
64779fd4d814571ac5053f95,2023-04-20T00:00:00.117z,-0.47533,0.09234,-0.89306,0.62014,0.36705,0.26636
64779fd4d814571ac5053f95,2023-04-20T00:00:00.117z,-0.36097,-0.70607,0.67974,0.95596,-0.54039,0.43747
64779fd4d814571ac5053f95,2023-04-20T00:00:00.117z,-0.93095,-0.28412,0.80914,0.61177,-0.93788,0.45058
64779fd4d814571ac5053f95,2023-04-20T00:00:00.117z,0.91457,0.40579,0.60675,0.01595,0.35158,0.1381
64779fd4d814571ac5053f95,2023-04-20T00:00:00.117z,0.17136,-0.72528,-0.81604,0.5475,0.3389,0.64425
64779fd4d814571ac5053f95,2023-04-20T00:00:00.117z,-0.88502,-0.74294,-0.76262,-0.96564,-0.85719,-0.47285
64779fd4d814571ac5053f95,2023-04-20T00:00:00.117z,0.06024,0.923,-0.48601,-0.5431,-0.49303,0.8199
64779fd4d814571ac5053f95,2023-04-20T00:00:00.117z,0.35803,0.46252,0.94029,0.36988,-0.13981,0.43469
