64779fd1d814571ac5053f8c,2023-03-12T00:00:00.396z,0.88238,0.70458,0.35394,0.24851,0.43947,-0.99859
64779fd1d814571ac5053f8c,2023-03-12T00:00:00.396z,0.45463,-0.2851,0.08014,-0.22671,-0.93796,0.3574
64779fd1d814571ac5053f8c,2023-03-12T00:00:00.396z,-0.3477,0.95459,0.66751,-0.90756,0.02162,0.19059
64779fd1d814571ac5053f8c,2023-03-12T00:00:00.396z,-0.67911,-0.52414,-0.16242,-0.13737,0.27131,-0.69201
64779fd1d814571ac5053f8c,2023-03-12T00:00:00.396z,-0.04674,-0.79827,0.82014,0.03953,-0.10851,-0.90654
64779fd1d814571ac5053f8c,2023-03-12T00:00:00.396z,-0.16805,0.50437,-0.81454,0.9883,0.96493,0.18221
64779fd1d814571ac5053f8c,2023-03-12T00:00:00.396z,0.76337,-0.81961,-0.9289,-0.83518,-0.38601,0.67103
64779fd1d814571ac5053f8c,2023-03-12T00:00:00.396z,-0.42055,0.13496,-0.53422,0.2766,0.78769,-0.43487
64779fd1d814571ac5053f8c,2023-03-12T00:00:00.396z,0.65697,0.67659,0.14213,-0.70533,0.8329,-0.18931
64779fd1d814571ac5053f8c,2023-03-12T00:00:00.396z,0.69362,0.82832,0.34887,0.46782,-0.13054,-0.97326
