64779fd4d814571ac5053f95,2023-03-04T00:00:00.085z,0.31796,-0.23141,0.80916,-0.10323,0.24352,-0.44117
64779fd4d814571ac5053f95,2023-03-04T00:00:00.085z,-0.03676,0.98464,0.10841,0.27657,-0.57808,0.6834
64779fd4d814571ac5053f95,2023-03-04T00:00:00.085z,0.40629,-0.81724,-0.56661,-0.93181,0.73608,0.41262
64779fd4d814571ac5053f95,2023-03-04T00:00:00.085z,0.17142,0.49042,0.62687,-0.98336,-0.7729,-0.19024
64779fd4d814571ac5053f95,2023-03-04T00:00:00.085z,-0.81098,-0.73199,-0.39407,-0.05426,0.60432,-0.25249
64779fd4d814571ac5053f95,2023-03-04T00:00:00.085z,-0.60725,0.60766,0.31555,0.06852,0.23702,0.87669
64779fd4d814571ac5053f95,2023-03-04T00:00:00.085z,-0.57837,-0.58098,0.74922,-0.04103,0.35577,0.00039
64779fd4d814571ac5053f95,2023-03-04T00:00:00.085z,-0.99981,-0.24322,-0.05321,0.52557,-0.42065,-0.85771
64779fd4d814571ac5053f95,2023-03-04T00:00:00.085z,-0.46715,0.62039,-0.356,0.97003,-0.58338,-0.75664
64779fd4d814571ac5053f95,2023-03-04T00:00:00.085z,-0.3553,0.26291,0.74531,-0.11823,-0.063,-0.0281
