64779fd3d814571ac5053f92,2023-05-02T00:00:00.191z,0.48143,-0.7275,0.73534,0.44937,0.9133,-0.41276
64779fd3d814571ac5053f92,2023-05-02T00:00:00.191z,0.46078,0.52109,0.99504,-0.42656,0.83978,-0.94971
64779fd3d814571ac5053f92,2023-05-02T00:00:00.191z,-0.34525,-0.81335,0.07011,-0.44822,-0.5183,0.01546
64779fd3d814571ac5053f92,2023-05-02T00:00:00.191z,-0.04099,0.44067,-0.22894,-0.57037,0.05942,-0.77743
64779fd3d814571ac5053f92,2023-05-02T00:00:00.191z,0.98008,-0.39562,0.08591,0.94688,-0.51782,-0.81594
64779fd3d814571ac5053f92,2023-05-02T00:00:00.191z,-0.72427,-0.76103,0.76127,0.20061,0.30411,-0.88588
64779fd3d814571ac5053f92,2023-05-02T00:00:00.191z,-0.34216,0.9165,0.12287,0.64317,-0.73319,0.03461
64779fd3d814571ac5053f92,2023-05-02T00:00:00.191z,-0.5139,-0.11281,-0.802,0.61036,-0.31515,-0.11921
64779fd3d814571ac5053f92,2023-05-02T00:00:00.191z,0.30401,0.82384,-0.77306,0.50339,0.45638,0.50966
64779fd3d814571ac5053f92,2023-05-02T00:00:00.191z,-0.94889,0.71446,-0.98536,0.62191,-0.94659,0.03379
