64779fd1d814571ac5053f8e,2023-03-06T00:00:00.719z,0.99523,-0.51915,-0.82808,0.50964,-0.79761,-0.95367
64779fd1d814571ac5053f8e,2023-03-06T00:00:00.719z,0.65833,-0.6071,0.94986,-0.65388,-0.73381,0.38827
64779fd1d814571ac5053f8e,2023-03-06T00:00:00.719z,0.10747,-0.63117,0.00395,-0.15957,-0.85363,-0.95377
64779fd1d814571ac5053f8e,2023-03-06T00:00:00.719z,0.74651,-0.99448,0.43989,0.38224,0.94765,-0.39401
64779fd1d814571ac5053f8e,2023-03-06T00:00:00.719z,0.34198,-0.61407,0.26853,-0.46135,-0.12049,0.38575
64779fd1d814571ac5053f8e,2023-03-06T00:00:00.719z,0.58738,-0.14638,-0.97373,0.7385,0.75307,0.08865
64779fd1d814571ac5053f8e,2023-03-06T00:00:00.719z,-0.20077,0.29477,0.37195,0.23911,-0.81604,-0.89464
64779fd1d814571ac5053f8e,2023-03-06T00:00:00.719z,0.46961,0.89462,0.68426,-0.70047,0.53012,-0.32925
64779fd1d814571ac5053f8e,2023-03-06T00:00:00.719z,0.66467,-0.05445,-0.36218,0.60364,0.81173,0.86933
64779fd1d814571ac5053f8e,2023-03-06T00:00:00.719z,-0.61139,-0.90803,0.87471,-0.76984,-0.21924,0.95281
