64779fd3d814571ac5053f93,2023-07-13T00:00:00.745z,0.05464,0.06935,-0.54612,0.39954,-0.7401,-0.58277
64779fd3d814571ac5053f93,2023-07-13T00:00:00.745z,-0.94574,0.69163,-0.70319,-0.05959,0.13158,-0.97713
64779fd3d814571ac5053f93,2023-07-13T00:00:00.745z,-0.38789,0.8083,0.55642,-0.97536,-0.80351,-0.77656
64779fd3d814571ac5053f93,2023-07-13T00:00:00.745z,-0.01861,0.17704,-0.89726,0.17296,0.63439,-0.90812
64779fd3d814571ac5053f93,2023-07-13T00:00:00.745z,0.71157,0.02547,-0.70765,-0.37819,0.59664,-0.76492
64779fd3d814571ac5053f93,2023-07-13T00:00:00.745z,-0.56705,0.07921,0.82014,0.04691,0.14684,0.40885
64779fd3d814571ac5053f93,2023-07-13T00:00:00.745z,0.58993,-0.61982,0.8132,-0.40111,0.82761,0.38151
64779fd3d814571ac5053f93,2023-07-13T00:00:00.745z,-0.96018,-0.79289,-0.58774,-0.37022,0.14343,-0.33325
64779fd3d814571ac5053f93,2023-07-13T00:00:00.745z,0.83064,-0.24771,0.66892,0.50397,-0.49121,0.92448
64779fd3d814571ac5053f93,2023-07-13T00:00:00.745z,-0.66035,-0.68464,-0.24349,-0.26291,-0.06469,-0.89988
