64779fd3d814571ac5053f92,2023-03-19T00:00:00.359z,0.92802,0.64008,-0.5946,-0.18941,0.76779,-0.09173
64779fd3d814571ac5053f92,2023-03-19T00:00:00.359z,-0.06432,-0.55112,0.08534,-0.7366,-0.82578,-0.48972
64779fd3d814571ac5053f92,2023-03-19T00:00:00.359z,0.55691,-0.12421,-0.82099,0.23235,0.65121,-0.73983
64779fd3d814571ac5053f92,2023-03-19T00:00:00.359z,-0.83404,-0.67885,0.73531,-0.01074,0.39125,-0.14106
64779fd3d814571ac5053f92,2023-03-19T00:00:00.359z,-0.48505,0.28826,0.39783,-0.54958,-0.61945,0.73084
64779fd3d814571ac5053f92,2023-03-19T00:00:00.359z,0.12362,0.50093,-0.85562,0.15735,-0.27282,0.36753
64779fd3d814571ac5053f92,2023-03-19T00:00:00.359z,0.92988,0.21407,-0.80401,0.24327,-0.5533,0.14195
64779fd3d814571ac5053f92,2023-03-19T00:00:00.359z,0.51934,0.46591,-0.76018,0.36317,0.3805,-0.51822
64779fd3d814571ac5053f92,2023-03-19T00:00:00.359z,-0.00416,0.46336,0.06628,0.45388,-0.03198,0.2871
64779fd3d814571ac5053f92,2023-03-19T00:00:00.359z,0.16593,-0.16774,-0.63975,0.46165,-0.45111,-0.49716
