64779fd3d814571ac5053f94,2023-06-22T00:00:00.056z,0.88307,0.88929,-0.28565,0.25693,-0.6489,0.2118
64779fd3d814571ac5053f94,2023-06-22T00:00:00.056z,0.127,0.10465,0.68648,0.03112,-0.97558,-0.05068
64779fd3d814571ac5053f94,2023-06-22T00:00:00.056z,0.21222,-0.48657,-0.21728,-0.85269,0.41446,-0.82393
64779fd3d814571ac5053f94,2023-06-22T00:00:00.056z,0.88978,-0.04274,-0.91471,-0.9934,-0.79088,-0.74025
64779fd3d814571ac5053f94,2023-06-22T00:00:00.056z,0.60564,0.77301,-0.32462,0.20612,0.74022,-0.94279
64779fd3d814571ac5053f94,2023-06-22T00:00:00.056z,0.38939,0.13719,0.35034,0.88296,0.79321,0.62755
64779fd3d814571ac5053f94,2023-06-22T00:00:00.056z,-0.19986,-0.43009,0.86863,0.79966,0.99129,-0.05545
64779fd3d814571ac5053f94,2023-06-22T00:00:00.056z,0.29721,0.69705,-0.1506,0.70568,-0.98254,-0.90518
64779fd3d814571ac5053f94,2023-06-22T00:00:00.056z,-0.10447,-0.21727,0.97385,0.32295,0.4557,0.71045
64779fd3d814571ac5053f94,2023-06-22T00:00:00.056z,0.40035,0.20589,0.88152,-0.28132,0.60356,0.72161
