64779fd1d814571ac5053f8d,2023-07-28T00:00:00.426z,-0.46437,0.67681,-0.87704,-0.70582,0.75868,-0.98648
64779fd1d814571ac5053f8d,2023-07-28T00:00:00.426z,-0.72131,0.91373,0.29135,0.59097,0.87155,-0.74784
64779fd1d814571ac5053f8d,2023-07-28T00:00:00.426z,0.20582,-0.44103,-0.36714,0.26064,0.51045,0.59142
64779fd1d814571ac5053f8d,2023-07-28T00:00:00.426z,-0.83836,-0.40642,0.28714,-0.73884,-0.1791,-0.82131
64779fd1d814571ac5053f8d,2023-07-28T00:00:00.426z,-0.78652,-0.52571,-0.35795,0.60914,0.39332,-0.40521
64779fd1d814571ac5053f8d,2023-07-28T00:00:00.426z,-0.2977,-0.08955,-0.61256,-0.0377,0.90653,-0.55739
64779fd1d814571ac5053f8d,2023-07-28T00:00:00.426z,-0.79046,-0.54808,-0.71138,0.27757,0.30944,0.4545
64779fd1d814571ac5053f8d,2023-07-28T00:00:00.426z,0.40558,0.4335,-0.26162,0.17289,0.88218,-0.01344
64779fd1d814571ac5053f8d,2023-07-28T00:00:00.426z,0.44658,0.5938,0.55604,0.43348,0.93783,-0.50424
64779fd1d814571ac5053f8d,2023-07-28T00:00:00.426z,-0.75736,0.84072,-0.89733,0.49215,-0.48614,0.79843
