64779fd2d814571ac5053f91,2023-06-30T00:00:00.774z,0.51029,0.55452,-0.17051,-0.63815,0.1545,-0.14031
64779fd2d814571ac5053f91,2023-06-30T00:00:00.774z,0.5812,0.13009,0.33535,0.96716,0.73686,-0.88495
64779fd2d814571ac5053f91,2023-06-30T00:00:00.774z,-0.40139,0.95194,-0.65311,-0.71393,0.20151,0.3139
64779fd2d814571ac5053f91,2023-06-30T00:00:00.774z,-0.40169,0.26512,-0.73342,-0.41117,0.12339,0.64474
64779fd2d814571ac5053f91,2023-06-30T00:00:00.774z,-0.11611,-0.92086,0.65279,0.37464,-0.15596,-0.49364
64779fd2d814571ac5053f91,2023-06-30T00:00:00.774z,0.29106,-0.46344,-0.68291,-0.58679,0.78232,-0.92888
64779fd2d814571ac5053f91,2023-06-30T00:00:00.774z,-0.97067,-0.85878,0.46734,-0.71568,-0.07878,0.23305
64779fd2d814571ac5053f91,2023-06-30T00:00:00.774z,0.20607,0.57988,0.49392,0.70373,-0.29036,0.55667
64779fd2d814571ac5053f91,2023-06-30T00:00:00.774z,0.419,-0.9412,0.38635,-0.64386,-0.13412,0.74775
64779fd2d814571ac5053f91,2023-06-30T00:00:00.774z,-0.79565,0.46483,0.40621,-0.14379,0.53876,0.77029
