64779fd1d814571ac5053f8f,2023-04-23T00:00:00.486z,0.62867,-0.73458,0.19608,-0.24275,0.88466,-0.96811
64779fd1d814571ac5053f8f,2023-04-23T00:00:00.486z,-0.54688,0.18858,-0.79224,0.54333,0.91795,-0.903
64779fd1d814571ac5053f8f,2023-04-23T00:00:00.486z,-0.00411,0.65276,-0.3636,0.80124,0.50187,-0.91009
64779fd1d814571ac5053f8f,2023-04-23T00:00:00.486z,0.77351,0.24993,0.83867,0.74818,-0.18404,0.48708
64779fd1d814571ac5053f8f,2023-04-23T00:00:00.486z,0.19471,-0.25805,-0.18667,-0.61153,0.29535,0.57305
64779fd1d814571ac5053f8f,2023-04-23T00:00:00.486z,-0.63866,-0.42101,0.30865,-0.11119,0.2906,-0.05297
64779fd1d814571ac5053f8f,2023-04-23T00:00:00.486z,-0.0352,0.99906,-0.06773,-0.26077,-0.44084,0.30701
64779fd1d814571ac5053f8f,2023-04-23T00:00:00.486z,0.1867,0.33463,-0.07555,-0.14243,-0.51378,0.14095
64779fd1d814571ac5053f8f,2023-04-23T00:00:00.486z,-0.01969,0.35031,-0.95039,0.05774,-0.38526,-0.9871
64779fd1d814571ac5053f8f,2023-04-23T00:00:00.486z,-0.3055,0.13921,0.42991,0.64623,-0.04988,-0.69
