64779fd3d814571ac5053f92,2023-04-01T00:00:00.289z,0.97544,0.7716,-0.79436,-0.31352,0.48428,-0.54216
64779fd3d814571ac5053f92,2023-04-01T00:00:00.289z,0.06464,0.52352,-0.18144,0.06123,0.50649,-0.08012
64779fd3d814571ac5053f92,2023-04-01T00:00:00.289z,-0.60255,0.34375,0.62222,0.11039,-0.70873,-0.77767
64779fd3d814571ac5053f92,2023-04-01T00:00:00.289z,0.81296,-0.99867,-0.43579,-0.51155,-0.25613,-0.55493
64779fd3d814571ac5053f92,2023-04-01T00:00:00.289z,0.76071,0.08003,-0.91346,-0.48304,-0.91716,-0.33972
64779fd3d814571ac5053f92,2023-04-01T00:00:00.289z,-0.64866,-0.35511,-0.25712,0.2255,-0.3898,-0.02154
64779fd3d814571ac5053f92,2023-04-01T00:00:00.289z,0.57097,-0.92643,-0.46728,0.10729,-0.8053,-0.13223
64779fd3d814571ac5053f92,2023-04-01T00:00:00.289z,0.77044,-0.77717,-0.69364,-0.91911,-0.72742,-0.11052
64779fd3d814571ac5053f92,2023-04-01T00:00:00.289z,0.02934,0.64591,0.55004,-0.91681,-0.93577,0.22438
64779fd3d814571ac5053f92,2023-04-01T00:00:00.289z,-0.4048,-0.58434,0.53543,-0.98563,-0.51138,-0.94326
