64779fd1d814571ac5053f8d,2023-03-26T00:00:00.344z,0.58937,-0.28757,-0.41012,0.7118,-0.57681,-0.18001
64779fd1d814571ac5053f8d,2023-03-26T00:00:00.344z,0.25036,-0.27924,-0.96124,0.59526,0.56548,-0.68266
64779fd1d814571ac5053f8d,2023-03-26T00:00:00.344z,-0.16782,0.66383,0.30143,-0.73213,-0.49175,0.38326
64779fd1d814571ac5053f8d,2023-03-26T00:00:00.344z,0.0108,-0.92628,-0.75803,-0.30883,-0.07181,0.99918
64779fd1d814571ac5053f8d,2023-03-26T00:00:00.344z,-0.42014,-0.19279,-0.32312,0.10968,-0.54127,0.74884
64779fd1d814571ac5053f8d,2023-03-26T00:00:00.344z,-0.38718,-0.70611,0.72891,-0.3721,-0.03681,-0.04126
64779fd1d814571ac5053f8d,2023-03-26T00:00:00.344z,-0.68771,0.68849,-0.71743,0.44875,-0.79797,0.64551
64779fd1d814571ac5053f8d,2023-03-26T00:00:00.344z,0.48582,-0.37897,0.9622,-0.84995,-0.90446,-0.4945
64779fd1d814571ac5053f8d,2023-03-26T00:00:00.344z,0.61915,0.22011,-0.30575,-0.56619,-0.32335,0.42747
64779fd1d814571ac5053f8d,2023-03-26T00:00:00.344z,-0.19327,0.10351,-0.21645,0.7466,-0.10242,-0.1858
